,t,x,y
0,9.904479265213013,359.8060226474193,-26.6703577780987
1,7.419379711151123,359.79906450706306,-26.712567626041853
2,0.05921673774719238,359.79906450706306,-26.726637575356236
3,0.06250333786010742,359.79906450706306,-26.733672550013427
4,0.061249732971191406,359.8060226474193,-26.721009595630484
5,0.048172712326049805,359.79906450706306,-26.726637575356236
6,0.0642855167388916,359.79906450706306,-26.73065756087463
7,0.06200218200683594,359.79906450706306,-26.73367255001343
8,0.06100058555603027,359.79906450706306,-26.73601754156583
9,0.06699442863464355,359.79906450706306,-26.737893534807746
10,0.059006690979003906,359.79906450706306,-26.739428438369316
11,0.050935983657836914,359.79906450706306,-26.747102956177162
12,0.06077384948730469,359.79906450706306,-26.747102956177162
13,0.06103348731994629,359.79906450706306,-26.747102956177162
14,0.06377434730529785,359.79906450706306,-26.747102956177162
15,0.04647469520568848,359.79906450706306,-26.75477747398501
16,0.0489959716796875,359.79906450706306,-26.75477747398501
17,0.059993743896484375,359.79906450706306,-26.75477747398501
18,0.04740619659423828,359.79906450706306,-26.75477747398501
19,0.0618894100189209,359.79906450706306,-26.75477747398501
20,0.046767473220825195,359.79906450706306,-26.75477747398501
21,0.06035041809082031,359.79906450706306,-26.75477747398501
22,0.06584429740905762,359.79906450706306,-26.75477747398501
23,0.06609749794006348,359.79906450706306,-26.75477747398501
24,0.055718421936035156,359.79906450706306,-26.75477747398501
25,0.06266450881958008,359.79906450706306,-26.75477747398501
26,0.05413818359375,359.79906450706306,-26.75477747398501
27,0.057410478591918945,359.79906450706306,-26.75477747398501
28,0.061995744705200195,359.79906450706306,-26.75477747398501
29,0.05655026435852051,359.79906450706306,-26.75477747398501
30,0.06743574142456055,359.79906450706306,-26.75477747398501
31,0.05798602104187012,359.79906450706306,-26.75477747398501
32,0.06062912940979004,359.79906450706306,-26.75477747398501
33,0.04802393913269043,359.79906450706306,-26.75477747398501
34,0.07004427909851074,359.79906450706306,-26.75477747398501
35,0.05421566963195801,359.79906450706306,-26.75477747398501
36,0.06563282012939453,359.79906450706306,-26.75477747398501
37,0.05935049057006836,359.79906450706306,-26.75477747398501
38,0.05780196189880371,359.79906450706306,-26.75477747398501
39,0.05498027801513672,359.79906450706306,-26.75477747398501
40,0.058797359466552734,359.79906450706306,-26.75477747398501
41,0.05840921401977539,359.79906450706306,-26.75477747398501
42,0.04757118225097656,359.79906450706306,-26.75477747398501
43,0.04677462577819824,359.79906450706306,-26.75477747398501
44,0.06798481941223145,359.79906450706306,-26.75477747398501
45,0.06199932098388672,359.79906450706306,-26.75477747398501
46,0.06197309494018555,359.79906450706306,-26.75477747398501
47,0.06116437911987305,359.79906450706306,-26.75477747398501
48,0.05871272087097168,359.79906450706306,-26.75477747398501
49,0.06217813491821289,359.79906450706306,-26.75477747398501
50,0.04816293716430664,359.79906450706306,-26.75477747398501
51,0.06623411178588867,359.79906450706306,-26.75477747398501
52,0.056832075119018555,359.79906450706306,-26.75477747398501
53,0.05977797508239746,359.79906450706306,-26.75477747398501
54,0.04617953300476074,359.79906450706306,-26.75477747398501
55,0.04842376708984375,359.79906450706306,-26.75477747398501
56,0.062482595443725586,359.79906450706306,-26.75477747398501
57,0.06394481658935547,359.79906450706306,-26.75477747398501
58,0.04083967208862305,359.79906450706306,-26.75477747398501
59,0.07127022743225098,359.79906450706306,-26.75477747398501
60,0.06137585639953613,359.79906450706306,-26.75477747398501
61,0.06300044059753418,359.79906450706306,-26.75477747398501
62,0.0650033950805664,359.79906450706306,-26.75477747398501
63,0.06651782989501953,359.79906450706306,-26.75477747398501
64,0.07122349739074707,359.79906450706306,-26.75477747398501
65,0.060945987701416016,359.79906450706306,-26.75477747398501
66,0.06600141525268555,359.79906450706306,-26.75477747398501
67,0.06307673454284668,359.79906450706306,-26.75477747398501
68,0.060054779052734375,359.79906450706306,-26.75477747398501
69,0.06170392036437988,359.79906450706306,-26.75477747398501
70,0.06104779243469238,359.79906450706306,-26.75477747398501
71,0.044043540954589844,359.79906450706306,-26.75477747398501
72,0.06513142585754395,359.79906450706306,-26.75477747398501
73,0.06444048881530762,359.79906450706306,-26.75477747398501
74,0.07700228691101074,359.79906450706306,-26.75477747398501
75,0.04938936233520508,359.79906450706306,-26.75477747398501
76,0.06401968002319336,359.79906450706306,-26.75477747398501
77,0.06293964385986328,359.79906450706306,-26.75477747398501
78,0.06005454063415527,359.79906450706306,-26.75477747398501
79,0.06897282600402832,359.79906450706306,-26.75477747398501
80,0.054198265075683594,359.79906450706306,-26.75477747398501
81,0.05259871482849121,359.79906450706306,-26.75477747398501
82,0.056992530822753906,359.79906450706306,-26.75477747398501
83,0.06300544738769531,359.79906450706306,-26.75477747398501
84,0.059961557388305664,359.79906450706306,-26.75477747398501
85,0.06399822235107422,359.79906450706306,-26.75477747398501
86,0.0670013427734375,359.8060226474193,-26.747102956177162
87,0.06299781799316406,359.8060226474193,-26.739428438369316
88,0.05841684341430664,359.79906450706306,-26.739428438369316
89,0.06612849235534668,359.79906450706306,-26.739428438369316
90,0.059134483337402344,359.79906450706306,-26.739428438369316
91,0.05700206756591797,359.79906450706306,-26.739428438369316
92,0.06541275978088379,359.79906450706306,-26.739428438369316
93,0.0618896484375,359.79906450706306,-26.739428438369316
94,0.04949641227722168,359.79906450706306,-26.739428438369316
95,0.06095576286315918,359.79906450706306,-26.739428438369316
96,0.04799509048461914,359.79906450706306,-26.739428438369316
97,0.07063436508178711,359.79906450706306,-26.747102956177162
98,0.05915474891662598,359.79906450706306,-26.75477747398501
99,0.06800389289855957,359.79906450706306,-26.75477747398501
100,0.06207704544067383,359.79906450706306,-26.75477747398501
101,0.0605931282043457,359.79906450706306,-26.75477747398501
102,0.06599640846252441,359.79906450706306,-26.75477747398501
103,0.05999755859375,359.79906450706306,-26.75477747398501
104,0.0656287670135498,359.79906450706306,-26.75477747398501
105,0.0567474365234375,359.79906450706306,-26.75477747398501
106,0.04891800880432129,359.79906450706306,-26.75477747398501
107,0.046339988708496094,359.79906450706306,-26.75477747398501
108,0.06399345397949219,359.79906450706306,-26.75477747398501
109,0.06248331069946289,359.79906450706306,-26.75477747398501
110,0.04800271987915039,359.79906450706306,-26.75477747398501
111,0.045996665954589844,359.79906450706306,-26.75477747398501
112,0.05301094055175781,359.79906450706306,-26.75477747398501
113,0.056545257568359375,359.79906450706306,-26.75477747398501
114,0.05109977722167969,359.79906450706306,-26.75477747398501
115,0.06523966789245605,359.79906450706306,-26.75477747398501
116,0.05817365646362305,359.79906450706306,-26.75477747398501
117,0.07001662254333496,359.79906450706306,-26.75477747398501
118,0.07775211334228516,359.79906450706306,-26.75477747398501
119,0.06000566482543945,359.79906450706306,-26.75477747398501
120,0.06505274772644043,359.79906450706306,-26.75477747398501
121,0.0586848258972168,359.8060226474193,-26.747102956177162
122,0.06397867202758789,359.79906450706306,-26.747102956177162
123,0.06062769889831543,359.79906450706306,-26.747102956177162
124,0.04900169372558594,359.79906450706306,-26.747102956177162
125,0.06299543380737305,359.79906450706306,-26.747102956177162
126,0.0636904239654541,359.79906450706306,-26.747102956177162
127,0.06416893005371094,359.79906450706306,-26.747102956177162
128,0.06404566764831543,359.79906450706306,-26.747102956177162
129,0.06250262260437012,359.79906450706306,-26.747102956177162
130,0.04800987243652344,359.79906450706306,-26.747102956177162
131,0.04648017883300781,359.79906450706306,-26.747102956177162
132,0.0640268325805664,359.79906450706306,-26.75477747398501
133,0.06606245040893555,359.79906450706306,-26.75477747398501
134,0.06591534614562988,359.79906450706306,-26.75477747398501
135,0.060532331466674805,359.79906450706306,-26.75477747398501
136,0.05800437927246094,359.79906450706306,-26.75477747398501
137,0.04599428176879883,359.79906450706306,-26.75477747398501
138,0.053954362869262695,359.79906450706306,-26.75477747398501
139,0.06299066543579102,359.8060226474193,-26.747102956177162
140,0.057068824768066406,359.79906450706306,-26.747102956177162
141,0.058992862701416016,359.79906450706306,-26.747102956177162
142,0.05461406707763672,359.79906450706306,-26.747102956177162
143,0.07308220863342285,359.79906450706306,-26.747102956177162
144,0.06516408920288086,359.79906450706306,-26.747102956177162
145,0.06089615821838379,359.79906450706306,-26.747102956177162
146,0.06225109100341797,359.79906450706306,-26.747102956177162
147,0.06381893157958984,359.79906450706306,-26.747102956177162
148,0.05796337127685547,359.79906450706306,-26.747102956177162
149,0.048639535903930664,359.79906450706306,-26.747102956177162
150,0.06999540328979492,359.79906450706306,-26.75477747398501
151,0.055344343185424805,359.79906450706306,-26.75477747398501
152,0.05015087127685547,359.79906450706306,-26.75477747398501
153,0.060770511627197266,359.79906450706306,-26.75477747398501
154,0.0599970817565918,359.79906450706306,-26.75477747398501
155,0.06270551681518555,359.79906450706306,-26.75477747398501
156,0.046640872955322266,359.79906450706306,-26.75477747398501
157,0.0668330192565918,359.79906450706306,-26.75477747398501
158,0.05746293067932129,359.79906450706306,-26.75477747398501
159,0.047743797302246094,359.79906450706306,-26.75477747398501
160,0.06358766555786133,359.79906450706306,-26.75477747398501
161,0.07019376754760742,359.79906450706306,-26.75477747398501
162,0.058167219161987305,359.79906450706306,-26.75477747398501
163,0.06311368942260742,359.79906450706306,-26.75477747398501
164,0.06100058555603027,359.79906450706306,-26.75477747398501
165,0.04715418815612793,359.79906450706306,-26.75477747398501
166,0.07163834571838379,359.79906450706306,-26.75477747398501
167,0.05486726760864258,359.79906450706306,-26.75477747398501
168,0.060065269470214844,359.79906450706306,-26.75477747398501
169,0.04957151412963867,359.79906450706306,-26.75477747398501
170,0.04416489601135254,359.79906450706306,-26.75477747398501
171,0.05302143096923828,359.79906450706306,-26.75477747398501
172,0.05913114547729492,359.79906450706306,-26.75477747398501
173,0.06260156631469727,359.79906450706306,-26.75477747398501
174,0.0649874210357666,359.79906450706306,-26.75477747398501
175,0.062001705169677734,359.79906450706306,-26.75477747398501
176,0.06011176109313965,359.79906450706306,-26.75477747398501
177,0.06300592422485352,359.79906450706306,-26.75477747398501
178,0.06209993362426758,359.79906450706306,-26.75477747398501
179,0.06598281860351562,359.79906450706306,-26.75477747398501
180,0.060900211334228516,359.79906450706306,-26.75477747398501
181,0.06164264678955078,359.79906450706306,-26.75477747398501
182,0.06213092803955078,359.79906450706306,-26.75477747398501
183,0.07102298736572266,359.79906450706306,-26.75477747398501
184,0.07010269165039062,359.79906450706306,-26.75477747398501
185,0.06100916862487793,359.79906450706306,-26.75477747398501
186,0.06209206581115723,359.79906450706306,-26.75477747398501
187,0.06801009178161621,359.79906450706306,-26.75477747398501
188,0.05939292907714844,359.79906450706306,-26.75477747398501
189,0.07799816131591797,359.79906450706306,-26.75477747398501
190,0.049466848373413086,359.79906450706306,-26.75477747398501
191,0.06479072570800781,359.79906450706306,-26.75477747398501
192,0.05962705612182617,359.79906450706306,-26.75477747398501
193,0.054018259048461914,359.79906450706306,-26.75477747398501
194,0.07907390594482422,359.79906450706306,-26.75477747398501
195,0.060993194580078125,359.79906450706306,-26.75477747398501
196,0.061008453369140625,359.79906450706306,-26.75477747398501
197,0.06199002265930176,359.79906450706306,-26.75477747398501
198,0.06901860237121582,359.79906450706306,-26.75477747398501
199,0.06657028198242188,359.79906450706306,-26.75477747398501
200,0.05474734306335449,359.79906450706306,-26.75477747398501
201,0.06299662590026855,359.79906450706306,-26.75477747398501
202,0.06088519096374512,359.79906450706306,-26.75477747398501
203,0.04933977127075195,359.79906450706306,-26.75477747398501
204,0.06331944465637207,359.79906450706306,-26.75477747398501
205,0.060218095779418945,359.79906450706306,-26.75477747398501
206,0.0610966682434082,359.79906450706306,-26.75477747398501
207,0.04705452919006348,359.79906450706306,-26.75477747398501
208,0.06659054756164551,359.79906450706306,-26.75477747398501
209,0.06012368202209473,359.79906450706306,-26.75477747398501
210,0.06137275695800781,359.79906450706306,-26.75477747398501
211,0.06476783752441406,359.79906450706306,-26.75477747398501
212,0.05899524688720703,359.79906450706306,-26.75477747398501
213,0.046247005462646484,359.79906450706306,-26.75477747398501
214,0.06699109077453613,359.79906450706306,-26.75477747398501
215,0.06234025955200195,359.79906450706306,-26.75477747398501
216,0.06067085266113281,359.79906450706306,-26.75477747398501
217,0.0605623722076416,359.79906450706306,-26.75477747398501
218,0.04645228385925293,359.79906450706306,-26.75477747398501
219,0.0633549690246582,359.79906450706306,-26.75477747398501
220,0.04993295669555664,359.79906450706306,-26.75477747398501
221,0.06022977828979492,359.79906450706306,-26.75477747398501
222,0.0623776912689209,359.79906450706306,-26.75477747398501
223,0.06313109397888184,359.79906450706306,-26.75477747398501
224,0.06275558471679688,359.79906450706306,-26.75477747398501
225,0.06306934356689453,359.79906450706306,-26.75477747398501
226,0.04915213584899902,359.79906450706306,-26.75477747398501
227,0.06000208854675293,359.79906450706306,-26.75477747398501
228,0.0655679702758789,359.79906450706306,-26.75477747398501
229,0.06499791145324707,359.79906450706306,-26.75477747398501
230,0.06399893760681152,359.79906450706306,-26.75477747398501
231,0.06199979782104492,359.79906450706306,-26.75477747398501
232,0.0648946762084961,359.79906450706306,-26.75477747398501
233,0.06299662590026855,359.79906450706306,-26.75477747398501
234,0.06451106071472168,359.79906450706306,-26.75477747398501
235,0.06101250648498535,359.79906450706306,-26.75477747398501
236,0.06363821029663086,359.79906450706306,-26.75477747398501
237,0.06726312637329102,359.79906450706306,-26.75477747398501
238,0.061319828033447266,359.79906450706306,-26.75477747398501
239,0.05898904800415039,359.79906450706306,-26.75477747398501
240,0.059937477111816406,359.79906450706306,-26.75477747398501
241,0.0630025863647461,359.8060226474193,-26.747102956177162
242,0.06161212921142578,359.79906450706306,-26.747102956177162
243,0.05799674987792969,359.79906450706306,-26.747102956177162
244,0.053192138671875,359.79906450706306,-26.747102956177162
245,0.06401443481445312,359.79906450706306,-26.747102956177162
246,0.06910157203674316,359.79906450706306,-26.747102956177162
247,0.054975032806396484,359.79906450706306,-26.747102956177162
248,0.06306314468383789,359.79906450706306,-26.747102956177162
249,0.0647733211517334,359.79906450706306,-26.747102956177162
250,0.05998945236206055,359.79906450706306,-26.747102956177162
251,0.04653739929199219,359.79906450706306,-26.747102956177162
252,0.048024892807006836,359.79906450706306,-26.75477747398501
253,0.10446834564208984,359.79906450706306,-26.75477747398501
254,0.05104780197143555,359.79906450706306,-26.75477747398501
255,0.0506291389465332,359.79906450706306,-26.75477747398501
256,0.061010122299194336,359.79906450706306,-26.75477747398501
257,0.04983043670654297,359.79906450706306,-26.75477747398501
258,0.05800008773803711,359.79906450706306,-26.75477747398501
259,0.047870635986328125,359.79906450706306,-26.75477747398501
260,0.06500887870788574,359.79906450706306,-26.75477747398501
261,0.05714821815490723,359.79906450706306,-26.75477747398501
262,0.06700968742370605,359.79906450706306,-26.75477747398501
263,0.06198835372924805,359.79906450706306,-26.75477747398501
264,0.06245255470275879,359.79906450706306,-26.75477747398501
265,0.047250986099243164,359.79906450706306,-26.75477747398501
266,0.07020282745361328,359.79906450706306,-26.75477747398501
267,0.06086373329162598,359.79906450706306,-26.75477747398501
268,0.05753374099731445,359.80519100353564,-26.730507730522877
269,0.047028303146362305,359.79906450706306,-26.73050773052288
270,0.04617738723754883,359.79906450706306,-26.73050773052288
271,0.048764944076538086,359.7867156854298,-24.299864270694687
272,0.06018686294555664,359.79906450706306,-24.299864270694687
273,0.046810150146484375,359.79906450706306,-24.299864270694687
274,0.06319355964660645,359.79906450706306,-24.299864270694687
275,0.06009316444396973,359.79906450706306,-24.299864270694687
276,0.0695042610168457,359.79906450706306,-24.299864270694687
277,0.0567784309387207,359.79906450706306,-24.299864270694687
278,0.06305599212646484,359.8060226474193,-24.29218975288684
279,0.06392455101013184,361.09709875732796,-23.104317448742798
280,0.058893442153930664,361.1148681001848,-24.372512244487492
281,0.0713963508605957,359.79906450706306,-24.372512244487496
282,0.055652618408203125,359.79906450706306,-26.80315570431568
283,0.060366153717041016,358.49871896335145,-25.57224976978156
284,0.04652714729309082,358.49871896335145,-24.34134383524744
285,0.05377602577209473,358.49871896335145,-23.110437900713322
286,0.06257486343383789,358.49871896335145,-21.879531966179204
287,0.06267166137695312,358.52296449622537,-23.068993011649166
288,0.06140470504760742,358.52296449622537,-24.258454057119124
289,0.06011486053466797,358.52296449622537,-25.45558962039693
290,0.06210494041442871,358.52296449622537,-27.857192713473058
291,0.05722928047180176,359.7867156854298,-24.158354457900188
292,0.049994707107543945,359.8060226474193,-24.150679940092335
293,0.05300021171569824,358.49871896335145,-22.919774005558217
294,0.06056332588195801,358.49871896335145,-22.919774005558217
295,0.0647590160369873,357.22562543938403,-24.099269772546076
296,0.056586503982543945,358.52296449622537,-26.51963675255016
297,0.06365036964416504,358.49871896335145,-26.519636752550152
298,0.06106400489807129,358.52296449622537,-26.51963675255016
299,0.06441950798034668,358.52296449622537,-26.51963675255016
300,0.06454133987426758,358.52296449622537,-26.51963675255016
301,0.05559420585632324,359.79906450706306,-25.330175707080198
302,0.06399273872375488,359.8060226474193,-27.753144649100538
303,0.06589937210083008,359.79906450706306,-27.421369419178156
304,0.06435394287109375,359.8060226474193,-28.30509822579428
305,0.058164119720458984,359.79906450706306,-29.19655441259817
306,0.06400275230407715,358.52296449622537,-30.08775061253838
307,0.06199026107788086,358.5029806360573,-29.79605264018006
308,0.06605911254882812,358.53556393352983,-31.9917712986362
309,0.06367921829223633,359.7383786415199,-30.72713345634442
310,0.05599069595336914,359.8060226474193,-29.529997893066618
311,0.06285762786865234,359.8060226474193,-28.332862329788817
312,0.07261180877685547,359.79906450706306,-28.381355150893135
313,0.05156707763671875,359.79906450706306,-28.437522489805293
314,0.06655764579772949,359.7787137789694,-28.858671052777403
315,0.05880427360534668,359.79906450706306,-29.302833822904038
316,0.048358917236328125,359.8357295080222,-32.21919495959667
317,0.06693363189697266,359.79906450706306,-31.476394569411354
318,0.0616762638092041,359.79906450706306,-30.675617138508347
319,0.061834096908569336,359.79906450706306,-29.807790056794964
320,0.060538291931152344,359.7787137789694,-29.988925511103186
321,0.0590672492980957,359.79906450706306,-30.093585671119673
322,0.04900693893432617,359.7787137789694,-30.20721884641392
323,0.06864261627197266,359.79906450706306,-30.255711667518234
324,0.056311607360839844,359.79906450706306,-30.304204488622553
325,0.0509951114654541,359.7787137789694,-30.328464330867067
326,0.05852341651916504,359.79906450706306,-30.328464330867067
327,0.06500411033630371,359.79906450706306,-27.848538584113296
328,0.06406736373901367,358.52296449622537,-29.040921133967764
329,0.0630040168762207,359.8173173321158,-28.911514004019146
330,0.0621795654296875,361.13325388966405,-28.991596989741712
331,0.06500720977783203,359.8060226474193,-27.81095561124414
332,0.06400418281555176,359.8060226474193,-26.63928724802433
333,0.06499052047729492,359.79906450706306,-25.46648652624293
334,0.06412672996520996,359.79906450706306,-24.302658819739296
335,0.06299042701721191,359.79906450706306,-23.138831113235668
336,0.06343650817871094,359.79906450706306,-21.966030391454268
337,0.06250691413879395,359.79906450706306,-20.802202684950636
338,0.06099390983581543,359.79906450706306,-19.638374978447
339,0.06279349327087402,359.79906450706306,-17.282164722088904
340,0.06240653991699219,359.8060226474193,-16.23990348881771
341,0.06300687789916992,359.79906450706306,-14.995992796591509
342,0.06152915954589844,359.79906450706306,-15.003833453307681
343,0.06600236892700195,359.8060226474193,-15.003833453307681
344,0.059259653091430664,359.79906450706306,-15.003833453307681
345,0.06871843338012695,359.8060226474193,-14.995992796591507
346,0.0565185546875,359.8060226474193,-14.988152139875332
347,0.06099247932434082,358.52988240403903,-16.137311598656435
348,0.04899954795837402,359.79906450706306,-16.137311598656435
349,0.06300926208496094,359.79906450706306,-16.137311598656435
350,0.06197023391723633,359.79906450706306,-16.137311598656435
351,0.06600069999694824,359.8060226474193,-16.137311598656435
352,0.06379985809326172,359.79906450706306,-16.137311598656435
353,0.06200981140136719,359.79906450706306,-16.13731159865643
354,0.06138467788696289,359.79906450706306,-16.14515225537261
355,0.04783773422241211,359.79906450706306,-16.14515225537261
356,0.04900002479553223,359.8060226474193,-16.14515225537261
357,0.08599996566772461,359.79906450706306,-16.152992912088784
358,0.06029963493347168,359.79906450706306,-15.003833453307681
359,0.06500673294067383,359.8060226474193,-14.995992796591509
360,0.05900311470031738,359.8060226474193,-14.988152139875332
361,0.06447982788085938,359.79906450706306,-14.988152139875332
362,0.060224294662475586,359.79906450706306,-14.995992796591509
363,0.06400537490844727,359.8060226474193,-14.988152139875332
364,0.06104683876037598,359.8060226474193,-14.980311483159158
365,0.06394577026367188,359.8060226474193,-14.972470826442981
366,0.06267118453979492,359.8060226474193,-14.964630169726805
367,0.06605267524719238,359.79906450706306,-14.972470826442981
368,0.06200456619262695,359.79906450706306,-14.972470826442981
369,0.060214996337890625,359.8060226474193,-14.964630169726808
370,0.061925411224365234,359.8060226474193,-14.964630169726805
371,0.05800580978393555,359.8060226474193,-14.964630169726805
372,0.06198763847351074,359.8060226474193,-14.95678951301063
373,0.06900429725646973,359.8060226474193,-14.948948856294457
374,0.06391048431396484,359.8060226474193,-14.948948856294457
375,0.07317399978637695,359.8060226474193,-14.948948856294457
376,0.05899500846862793,359.79906450706306,-14.956789513010632
377,0.07951951026916504,359.8060226474193,-14.956789513010632
378,0.0619206428527832,358.52296449622537,-16.114114010251004
379,0.06299781799316406,359.79906450706306,-16.114114010251004
380,0.06549453735351562,359.8060226474193,-16.114114010251004
381,0.06467390060424805,358.52988240403903,-17.27111412574828
382,0.06795048713684082,359.8060226474193,-17.27111412574828
383,0.06353402137756348,359.8060226474193,-17.27111412574828
384,0.057744741439819336,359.8060226474193,-17.27111412574828
385,0.060600996017456055,359.8060226474193,-17.27111412574828
386,0.05524444580078125,359.8060226474193,-17.27111412574828
387,0.0633077621459961,359.79906450706306,-17.27111412574828
388,0.047944068908691406,359.79906450706306,-17.278954782464453
389,0.06270551681518555,359.79906450706306,-16.121630285224082
390,0.0646965503692627,359.8060226474193,-16.113789628507906
391,0.06933236122131348,359.79906450706306,-16.121630285224082
392,0.06699872016906738,359.79906450706306,-14.972470826442981
393,0.06185650825500488,359.79906450706306,-14.980311483159158
394,0.06388044357299805,359.79906450706306,-14.988152139875332
395,0.05999112129211426,359.8060226474193,-14.988152139875332
396,0.06800270080566406,359.8060226474193,-14.988152139875332
397,0.053778886795043945,358.52296449622537,-16.153317293831876
398,0.059999704360961914,359.8060226474193,-16.145476637115703
399,0.0584111213684082,359.79906450706306,-16.145476637115703
400,0.06976437568664551,359.79906450706306,-16.145476637115703
401,0.062227487564086914,359.79906450706306,-16.15331729383188
402,0.06078815460205078,359.79906450706306,-16.15331729383188
403,0.05748701095581055,358.52296449622537,-17.31064179107225
404,0.060291290283203125,359.8060226474193,-17.302801134356073
405,0.039881229400634766,359.79906450706306,-17.302801134356073
406,0.06386113166809082,359.79906450706306,-17.310641791072246
407,0.0610041618347168,359.8060226474193,-17.310641791072246
408,0.06024742126464844,359.8060226474193,-16.145476637115703
409,0.0659935474395752,359.79906450706306,-16.153317293831876
410,0.06865763664245605,359.79906450706306,-16.153317293831876
411,0.060414791107177734,359.8060226474193,-16.145476637115703
412,0.06791114807128906,359.8060226474193,-16.137635980399526
413,0.05900239944458008,359.8060226474193,-16.129795323683354
414,0.05763530731201172,359.8060226474193,-14.964630169726805
415,0.06259393692016602,359.79906450706306,-14.972470826442981
416,0.07004785537719727,359.8060226474193,-14.964630169726805
417,0.05344796180725098,359.79906450706306,-14.964630169726808
418,0.06528568267822266,359.8060226474193,-14.964630169726805
419,0.06725192070007324,359.8060226474193,-14.964630169726805
420,0.07951903343200684,359.8060226474193,-14.95678951301063
421,0.07599592208862305,359.8060226474193,-14.948948856294457
422,0.059998512268066406,359.79906450706306,-14.956789513010632
423,0.06380629539489746,358.52988240403903,-16.11378962850791
424,0.0630035400390625,359.79906450706306,-16.121630285224086
425,0.07087278366088867,359.8060226474193,-16.121630285224082
426,0.07700490951538086,359.8060226474193,-16.113789628507906
427,0.07958984375,359.79906450706306,-16.121630285224082
428,0.058990478515625,359.8060226474193,-16.113789628507906
429,0.06020092964172363,359.8060226474193,-16.113789628507906
430,0.06099343299865723,359.79906450706306,-16.121630285224082
431,0.06129002571105957,359.8060226474193,-16.121630285224082
432,0.06668996810913086,359.8060226474193,-16.121630285224082
433,0.05941176414489746,359.8060226474193,-16.113789628507906
434,0.0639948844909668,358.52988240403903,-16.113789628507906
435,0.06398844718933105,359.8060226474193,-16.105948971791733
436,0.060994863510131836,359.79906450706306,-16.113789628507906
437,0.06885218620300293,359.79906450706306,-16.121630285224082
438,0.05590391159057617,359.79906450706306,-16.121630285224082
439,0.06789445877075195,359.8060226474193,-16.121630285224082
440,0.06199836730957031,359.8060226474193,-16.121630285224082
441,0.05800509452819824,359.8060226474193,-16.113789628507906
442,0.060682058334350586,359.8060226474193,-16.113789628507906
443,0.05780291557312012,359.79906450706306,-16.121630285224082
444,0.06085324287414551,359.8060226474193,-16.121630285224082
445,0.08628535270690918,359.8060226474193,-14.964630169726805
446,0.06225275993347168,359.8060226474193,-14.964630169726805
447,0.06510686874389648,359.8060226474193,-14.95678951301063
448,0.05863332748413086,358.52296449622537,-16.114114010251004
449,0.06418299674987793,359.8060226474193,-16.106273353534828
450,0.06400084495544434,359.79906450706306,-16.114114010251004
451,0.0651998519897461,359.79906450706306,-16.121954666967177
452,0.05900144577026367,359.79906450706306,-16.129795323683354
453,0.06499671936035156,359.79906450706306,-16.137635980399526
454,0.06400847434997559,359.8060226474193,-16.129795323683354
455,0.06586289405822754,359.8060226474193,-16.129795323683354
456,0.05899405479431152,359.8060226474193,-16.129795323683354
457,0.06554913520812988,358.52988240403903,-17.28679543918063
458,0.06400847434997559,359.79906450706306,-17.294636095896806
459,0.06461095809936523,359.79906450706306,-16.137311598656435
460,0.06159234046936035,359.8060226474193,-16.137311598656435
461,0.06264853477478027,359.79906450706306,-16.137311598656435
462,0.06268310546875,359.8060226474193,-16.12947094194026
463,0.051033735275268555,359.79906450706306,-16.12947094194026
464,0.0605008602142334,359.79906450706306,-16.12947094194026
465,0.08718490600585938,358.52988240403903,-17.286471057437538
466,0.05603194236755371,359.8060226474193,-17.286471057437538
467,0.06606864929199219,359.8060226474193,-17.286471057437534
468,0.05840110778808594,359.79906450706306,-16.13731159865643
469,0.06495523452758789,359.8060226474193,-16.12947094194026
470,0.06281876564025879,359.79906450706306,-16.12947094194026
471,0.0638132095336914,359.8060226474193,-16.12947094194026
472,0.06301140785217285,359.8060226474193,-16.121630285224082
473,0.06567811965942383,359.8060226474193,-16.121630285224082
474,0.05900120735168457,359.79906450706306,-16.121630285224082
475,0.06146693229675293,359.8060226474193,-16.113789628507906
476,0.06299853324890137,358.52988240403903,-16.11378962850791
477,0.0630040168762207,359.79906450706306,-16.121630285224082
478,0.06600451469421387,359.8060226474193,-16.121630285224082
479,0.061475276947021484,359.79906450706306,-16.121630285224082
480,0.06283330917358398,359.8060226474193,-16.121630285224082
481,0.06202220916748047,359.8060226474193,-16.113789628507906
482,0.06177043914794922,359.79906450706306,-16.121630285224082
483,0.05406332015991211,359.79906450706306,-16.12947094194026
484,0.06417632102966309,359.79906450706306,-16.137311598656435
485,0.05394601821899414,358.52988240403903,-17.286471057437538
486,0.062036752700805664,358.52296449622537,-18.451636211394085
487,0.0687875747680664,359.8060226474193,-17.294636095896806
488,0.058657169342041016,359.8060226474193,-17.286795439180626
489,0.06736969947814941,359.79906450706306,-17.294636095896802
490,0.084320068359375,359.79906450706306,-17.294636095896802
491,0.06684470176696777,359.8060226474193,-17.294636095896806
492,0.058767080307006836,358.52988240403903,-18.45163621139408
493,0.0642855167388916,359.8060226474193,-18.443795554677905
494,0.05200815200805664,359.79906450706306,-18.443795554677905
495,0.05877947807312012,359.8060226474193,-18.435954897961732
496,0.06316447257995605,359.8060226474193,-17.278954782464453
497,0.060671329498291016,359.79906450706306,-16.121630285224082
498,0.0486452579498291,358.52988240403903,-17.27863040072136
499,0.06303119659423828,359.8060226474193,-17.27863040072136
