,t,x,y
0,0.0,482.1991728902086,-100.12519997301685
1,1.0,483.47883267420036,-74.29311165672522
2,2.0,484.54280222785167,-88.65900954331806
3,3.0,482.2518413065395,-88.75689880595516
4,4.0,483.5858892947075,-106.53335624138342
5,5.0,483.2509606600794,-93.56397546613022
6,6.0,482.48278618884876,-89.96525159973885
7,7.0,483.18860463728276,-71.29733859591252
8,8.0,483.2953123790646,-55.54986722502615
9,9.0,484.2646957531409,-70.62620061257431
10,10.0,483.2953123790646,-66.0225404012385
11,11.0,485.56554430659776,-86.08279392552672
12,12.0,482.2080258996656,-78.63641857575735
13,13.0,482.17798412074353,-79.99637751680437
14,14.0,484.2646957531409,-59.23739818564394
15,15.0,482.43873423197493,-80.54487616680413
16,16.0,485.56554430659776,-92.17003248162382
17,17.0,483.52433747933185,-83.75212172082968
18,18.0,484.5518092135362,-87.81590828858921
19,19.0,482.2518413065395,-88.03404029870353
20,20.0,482.2518413065395,-90.33872920881491
21,21.0,484.5553832009273,-101.85100288509268
22,22.0,482.48278618884876,-98.22963482952463
23,23.0,483.50863790312246,-102.47322747866758
24,24.0,484.5518092135362,-108.77901590060262
25,25.0,484.5518092135362,-98.41475079333877
26,26.0,484.5518092135362,-98.29293025482689
27,27.0,483.55268985999635,-103.42972334240002
28,28.0,483.47883267420036,-103.10586624816769
29,29.0,484.34057812841627,-78.04789791561025
30,30.0,485.56554430659776,-97.81554356494692
31,31.0,484.30904747212617,-68.85784488812952
32,32.0,483.2509606600794,-65.73320844298912
33,33.0,484.5518092135362,-90.68645413686255
34,34.0,483.55268985999635,-103.36881307314408
35,35.0,483.2509606600794,-92.930232777718
36,36.0,482.17798412074353,-69.59104053703454
37,37.0,483.59819466512783,-85.42656227426812
38,38.0,482.2518413065395,-98.38948372415244
39,39.0,484.5518092135362,-100.77882973847352
40,40.0,483.47883267420036,-92.95410061153333
41,41.0,482.17798412074353,-66.45742686492326
42,42.0,481.18193763539193,-63.527967888152176
43,43.0,485.56554430659776,-84.35105689302998
44,44.0,482.2518413065395,-78.24805595953318
45,45.0,482.2518413065395,-90.33872920881491
46,46.0,484.5518092135362,-100.65700919996164
47,47.0,484.5518092135362,-98.35384052408283
48,48.0,484.5973140186677,-99.05966651106141
49,49.0,482.48278618884876,-98.01600611507638
50,50.0,483.232956356268,-71.99478258245801
51,51.0,484.5518092135362,-70.77651861475259
52,52.0,485.56554430659776,-93.3999380852417
53,53.0,483.55268985999635,-93.52191846471774
54,54.0,482.48278618884876,-107.78440362359349
55,55.0,483.2953123790646,-82.09441632263767
56,56.0,484.5518092135362,-90.9757860951119
57,57.0,485.6414266818731,-104.42579159217354
58,58.0,485.6414266818731,-116.44787318984308
59,59.0,483.3826959173392,-107.12328875579149
60,60.0,484.34057812841627,-104.54022503342124
61,61.0,482.52829099398025,-102.4509131290711
62,62.0,483.55268985999635,-102.30971352075161
63,63.0,483.2509606600794,-92.99114304697395
64,64.0,482.2395359361192,-80.2238572200404
65,65.0,484.5392282404606,-101.06478307121101
66,66.0,483.55268985999635,-103.55558500708608
67,67.0,484.2646957531409,-88.03724060813282
68,68.0,483.55268985999635,-85.7951420424741
69,69.0,483.2509606600794,-93.04901284776476
70,70.0,484.5518092135362,-90.68645413686255
71,71.0,485.5526788135436,-93.49152316702916
72,72.0,482.52829099398025,-88.67473952908632
73,73.0,481.18193763539193,-81.1170077278766
74,74.0,483.52433747933185,-84.30636884749582
75,75.0,484.5518092135362,-87.63311487455906
76,76.0,482.2518413065395,-87.85434995940082
77,77.0,482.2518413065395,-90.39811924383828
78,78.0,482.17798412074353,-79.80219620869228
79,79.0,484.2646957531409,-59.35617825569069
80,80.0,484.5518092135362,-80.77864925918031
81,81.0,483.338344198354,-94.46163297236728
82,82.0,484.5518092135362,-113.81522565933628
83,83.0,483.55268985999635,-103.36881307314408
84,84.0,485.62879254057077,-114.61643191182121
85,85.0,483.20714525320545,-95.5681715988186
86,86.0,483.2509606600794,-75.30526206197544
87,87.0,484.5518092135362,-90.62706410183917
88,88.0,484.5518092135362,-98.29293025482689
89,89.0,485.6414266818731,-104.24306078440571
90,90.0,484.5518092135362,-110.37592212175235
91,91.0,484.5518092135362,-98.41475079333877
92,92.0,485.56554430659776,-93.3999380852417
93,93.0,484.5518092135362,-88.44603564640056
94,94.0,484.5518092135362,-98.23201998557094
95,95.0,484.5518092135362,-98.23201998557094
96,96.0,484.5392282404606,-98.44722649105384
97,97.0,481.18193763539193,-82.30494680715792
98,98.0,482.2518413065395,-78.80394853295654
99,99.0,483.2509606600794,-85.26284639049773
100,100.0,482.29619302552476,-80.70614744290536
101,101.0,483.2509606600794,-85.49274330834845
102,102.0,483.50863790312246,-96.12794586141536
103,103.0,484.5973140186677,-109.30198586728872
104,104.0,484.5518092135362,-98.55441523816994
105,105.0,483.2509606600794,-82.77846714108364
106,106.0,483.55268985999635,-95.70294692015636
107,107.0,484.5518092135362,-108.44469589146122
108,108.0,483.2509606600794,-82.77846714108364
109,109.0,482.4883767299309,-89.8369664145567
110,110.0,483.59819466512783,-102.6161390115449
111,111.0,484.5518092135362,-108.70618087480428
112,112.0,484.5518092135362,-98.23201998557094
113,113.0,482.1654553673692,-77.35184780668503
114,114.0,482.1654553673692,-58.771832715644166
115,115.0,483.19456428012984,-64.74268596601439
116,116.0,482.47053211067134,-90.146543072177
117,117.0,483.466303920826,-91.4324920637981
118,118.0,483.540384489576,-92.49345560669232
119,119.0,482.51603691580283,-108.419704776919
120,120.0,482.47053211067134,-96.49505235710858
121,121.0,481.1696835572145,-80.71910426002228
122,122.0,481.1258681503406,-73.49947052404954
123,123.0,484.6268351616893,-100.9949493231224
124,124.0,481.17679729007386,-105.36261747426943
125,125.0,482.51603691580283,-89.19570842507419
126,126.0,483.79364505460865,-113.88909987591187
127,127.0,482.47053211067134,-104.86968086391123
128,128.0,482.2395359361192,-86.520232843628
129,129.0,481.1696835572145,-84.59458500499007
130,130.0,482.2395359361192,-78.79345642138435
131,131.0,484.6268351616893,-112.3436351471984
132,132.0,485.5526788135436,-116.59333391582402
133,133.0,482.2395359361192,-78.17959727537281
134,134.0,482.47053211067134,-100.04813784947737
135,135.0,482.47053211067134,-96.17265710450958
136,136.0,483.540384489576,-101.9737856881153
137,137.0,482.47053211067134,-107.77491427172102
138,138.0,483.540384489576,-101.9737856881153
139,139.0,482.2395359361192,-98.12249001083944
140,140.0,481.1696835572145,-84.59458500499007
141,141.0,482.47053211067134,-88.44588068226592
142,142.0,481.1258681503406,-81.2262469462932
143,143.0,479.89049767555537,-59.21465749067923
144,144.0,482.2395359361192,-71.77783557626691
145,145.0,481.1696835572145,-84.59458500499007
146,146.0,481.1696835572145,-72.99232783777863
147,147.0,482.1654553673692,-68.25216279706714
148,148.0,482.1654553673692,-58.771832715644166
149,149.0,481.1696835572145,-63.511997756355655
150,150.0,482.11028632110754,-67.52895621500942
151,151.0,482.47053211067134,-78.60394730981407
152,152.0,482.2395359361192,-86.520232843628
153,153.0,482.47053211067134,-100.04813784947737
154,154.0,482.2395359361192,-86.520232843628
155,155.0,484.47664086591203,-90.6689282437787
156,156.0,481.1696835572145,-61.960685048624896
157,157.0,481.1696835572145,-72.99232783777863
158,158.0,482.47053211067134,-88.44588068226592
159,159.0,481.1696835572145,-80.71910426002228
160,160.0,481.1258681503406,-73.49947052404954
161,161.0,482.47053211067134,-88.69945202540138
162,162.0,483.466303920826,-91.4324920637981
163,163.0,482.1654553673692,-66.49860913788781
164,164.0,484.5392282404606,-79.68909612423076
165,165.0,482.47053211067134,-97.6197481512852
166,166.0,484.5392282404606,-96.8962026278974
167,167.0,482.47053211067134,-97.6197481512852
168,168.0,482.47053211067134,-96.17265710450958
169,169.0,484.5392282404606,-96.8962026278974
170,170.0,483.23837968700377,-82.8897408301857
171,171.0,484.5392282404606,-90.61651725242935
172,172.0,484.5392282404606,-98.34329367467299
173,173.0,485.5526788135436,-93.44943036715762
174,174.0,483.23837968700377,-73.10201421515491
175,175.0,484.5392282404606,-90.61651725242935
176,176.0,484.5465378533462,-97.86286073900541
177,177.0,484.57275602047514,-130.06895158652782
178,178.0,484.5465378533462,-113.49698840694604
179,179.0,481.1875281764741,-80.90048951037116
180,180.0,483.4844539967853,-82.37021212110233
181,181.0,483.4734689459282,-80.64925671473723
182,182.0,484.55755424234906,-86.14060439503483
183,183.0,483.2509606600794,-81.31794909152731
184,184.0,483.2509606600794,-73.31663405601108
185,185.0,484.5518092135362,-88.75498455817277
186,186.0,483.24568929988936,-81.12672286785248
187,187.0,484.55755424234906,-88.9348488048183
188,188.0,484.55755424234906,-96.34645064611499
189,189.0,483.2567056888922,-80.96901041320926
190,190.0,483.2567056888922,-73.31074543138436
191,191.0,483.2567056888922,-73.31074543138436
192,192.0,483.2509606600794,-73.19392823621315
193,193.0,484.5518092135362,-88.57377398463748
194,194.0,483.2567056888922,-80.97293616296041
195,195.0,484.55755424234906,-88.74909593354604
196,196.0,484.5914769535095,-96.06182029626386
197,197.0,484.55755424234906,-96.26504574044537
198,198.0,483.2509606600794,-80.91310348729401
199,199.0,484.5518092135362,-88.63931411398416
200,200.0,483.2509606600794,-80.74818800954952
201,201.0,484.5518092135362,-88.40493275714186
202,202.0,484.5518092135362,-96.24440831250202
203,203.0,483.19579161381773,-80.20060022696866
204,204.0,484.5518092135362,-88.27183988876446
205,205.0,483.2509606600794,-80.8561189677892
206,206.0,483.2567056888922,-73.13650107606534
207,207.0,484.5518092135362,-88.51356782572114
208,208.0,483.2904232117317,-80.48254135739148
209,209.0,483.2953123790646,-73.52676467467376
210,210.0,483.2567056888922,-73.31295717835745
211,211.0,483.2900410188746,-73.92235568399269
212,212.0,483.2509606600794,-73.61246262431797
213,213.0,484.5518092135362,-88.52675329565375
214,214.0,484.60305904748054,-97.0038005586224
215,215.0,483.2567056888922,-81.23322283370584
216,216.0,483.2509606600794,-73.25331827123654
217,217.0,484.5973140186677,-89.34286859158235
218,218.0,483.2509606600794,-81.18905030088371
219,219.0,484.5518092135362,-88.46432279216526
220,220.0,484.5518092135362,-96.17886818315534
221,221.0,483.2567056888922,-80.97293616296041
222,222.0,483.2509606600794,-73.13764782704794
223,223.0,483.47883267420036,-82.95339612281616
224,224.0,483.2509606600794,-69.95926495085416
225,225.0,483.2567056888922,-73.19589111108874
226,226.0,485.88066718628636,-106.06312026298795
227,227.0,484.5518092135362,-104.97884029405802
228,228.0,482.48278618884876,-95.5270801355162
229,229.0,484.5518092135362,-94.92694263695155
230,230.0,484.5518092135362,-96.2960588615765
231,231.0,483.2567056888922,-80.74159527458322
232,232.0,484.5857319246967,-88.22893747587
233,233.0,483.2567056888922,-80.59928009965766
234,234.0,483.2509606600794,-73.07825779202456
235,235.0,483.2128902820183,-73.53082624335089
236,236.0,483.2509606600794,-73.50676126404453
237,237.0,484.5518092135362,-88.57688361049567
238,238.0,483.2509606600794,-80.68727774029358
239,239.0,484.5518092135362,-88.40493275714186
240,240.0,484.5518092135362,-96.17886818315534
241,241.0,483.2567056888922,-80.85415609291363
242,242.0,484.5518092135362,-88.51356782572114
243,243.0,483.2509606600794,-80.86233821950557
244,244.0,484.55755424234906,-88.63120114478531
245,245.0,484.5392282404606,-96.44634337942156
246,246.0,483.2509606600794,-80.9347880062301
247,247.0,484.55755424234906,-88.4592502914315
248,248.0,484.55755424234906,-96.28554037685905
249,249.0,483.2509606600794,-80.91469287891962
250,250.0,484.5518092135362,-88.46432279216526
251,251.0,484.55755424234906,-96.17690530827977
252,252.0,484.5518092135362,-96.23122284256941
253,253.0,484.5518092135362,-96.12258777399013
254,254.0,484.55755424234906,-96.17690530827977
255,255.0,484.55755424234906,-96.28554037685905
256,256.0,483.2509606600794,-80.79591280887286
257,257.0,484.55755424234906,-88.4592502914315
258,258.0,483.2509606600794,-80.91469287891962
259,259.0,483.2567056888922,-73.20211036280509
260,260.0,484.55755424234906,-88.62727539503416
261,261.0,483.2567056888922,-80.8502303431625
262,262.0,484.5518092135362,-88.51356782572114
263,263.0,484.5518092135362,-96.12258777399013
264,264.0,483.2509606600794,-80.86233821950557
265,265.0,483.2509606600794,-73.1415735767991
266,266.0,484.5518092135362,-88.46121316630708
267,267.0,483.2567056888922,-80.97293616296041
268,268.0,483.2509606600794,-73.13764782704794
269,269.0,483.20714525320545,-73.47650870906125
270,270.0,483.2567056888922,-73.3961633205897
271,271.0,484.5518092135362,-88.62923826990973
272,272.0,484.5518092135362,-96.29142900148577
273,273.0,484.5465378533462,-96.38234256224632
274,274.0,484.5518092135362,-96.41697571384167
275,275.0,484.5518092135362,-96.12258777399013
276,276.0,483.2567056888922,-80.86037534463
277,277.0,483.2509606600794,-73.13764782704794
278,278.0,484.5377073321898,-88.47552312175922
279,279.0,483.2509606600794,-80.64572766176049
280,280.0,483.2509606600794,-72.9696227234453
281,281.0,484.5518092135362,-88.40493275714186
282,282.0,483.2509606600794,-80.68727774029358
283,283.0,484.50775725666233,-88.95132834345141
284,284.0,483.2509606600794,-81.07925560349514
285,285.0,483.2567056888922,-73.08333029275832
286,286.0,483.2509606600794,-73.19703786207133
287,287.0,484.5518092135362,-88.52060320133047
288,288.0,484.5518092135362,-96.23514859232056
289,289.0,484.5518092135362,-96.12258777399013
290,290.0,484.55755424234906,-96.17690530827977
291,291.0,484.5518092135362,-96.35304338108129
292,292.0,484.5518092135362,-96.18349804324608
293,293.0,484.5518092135362,-96.24440831250202
294,294.0,483.2509606600794,-80.92324848876152
295,295.0,483.2509606600794,-73.1415735767991
296,296.0,483.2509606600794,-72.9696227234453
297,297.0,483.2509606600794,-73.02590313261051
298,298.0,483.2567056888922,-73.25528114611213
299,299.0,483.2567056888922,-73.19196536133758
300,300.0,484.5518092135362,-88.51356782572114
301,301.0,484.5518092135362,-96.12258777399013
302,302.0,484.55755424234906,-96.17690530827977
303,303.0,484.5518092135362,-96.23122284256941
304,304.0,484.5518092135362,-96.12258777399013
305,305.0,484.5518092135362,-96.12258777399013
306,306.0,484.55755424234906,-96.17690530827977
307,307.0,483.2509606600794,-80.79591280887286
308,308.0,483.2509606600794,-73.02590313261051
309,309.0,484.55755424234906,-88.57181110976191
310,310.0,484.5518092135362,-96.23122284256941
311,311.0,484.5518092135362,-96.12258777399013
312,312.0,484.5518092135362,-96.12258777399013
313,313.0,483.28467818291887,-80.42822382310185
314,314.0,484.5518092135362,-88.39722633705787
315,315.0,483.2509606600794,-80.74818800954952
316,316.0,484.5857319246967,-88.12030240729075
317,317.0,483.2567056888922,-80.59928009965766
318,318.0,484.5518092135362,-88.63538836423302
319,319.0,482.48278618884876,-95.46616986626026
320,320.0,484.5518092135362,-94.68793142001851
321,321.0,484.55755424234906,-96.17690530827977
322,322.0,483.2509606600794,-80.85219321803807
323,323.0,484.5518092135362,-88.51749357547227
324,324.0,484.55755424234906,-96.17690530827977
325,325.0,483.2509606600794,-80.79591280887286
326,326.0,483.2509606600794,-73.08840279349208
327,327.0,483.2509606600794,-73.14779282851546
328,328.0,483.2509606600794,-73.08529316763389
329,329.0,484.5518092135362,-88.51749357547227
330,330.0,484.5518092135362,-96.12258777399013
331,331.0,482.1836054433285,-75.40571023209934
332,332.0,483.2509606600794,-62.22831760198662
333,333.0,483.2509606600794,-72.9696227234453
334,334.0,483.2509606600794,-72.9696227234453
335,335.0,483.2509606600794,-72.9696227234453
336,336.0,484.5518092135362,-88.40493275714186
337,337.0,483.2509606600794,-80.68727774029358
338,338.0,484.5518092135362,-88.40493275714186
339,339.0,483.2509606600794,-80.68727774029358
340,340.0,483.2509606600794,-72.9696227234453
341,341.0,484.5518092135362,-88.40493275714186
342,342.0,485.8749221574735,-113.49187550758785
343,343.0,484.5518092135362,-104.807231640789
344,344.0,483.2509606600794,-80.68727774029358
345,345.0,484.5518092135362,-88.40493275714186
346,346.0,485.8749221574735,-113.49187550758785
347,347.0,483.2509606600794,-89.37192160709242
348,348.0,484.5518092135362,-88.46121316630708
349,349.0,483.20714525320545,-81.30672454423994
350,350.0,483.2509606600794,-73.22306571625327
351,351.0,481.18193763539193,-72.25229454645948
352,352.0,484.5518092135362,-86.97027640317022
353,353.0,481.18193763539193,-79.96994956330776
354,354.0,482.48278618884876,-86.2529482261844
355,355.0,482.48278618884876,-93.9706032430327
356,356.0,482.1836054433285,-73.85227380808091
357,357.0,481.18193763539193,-61.570379460024185
358,358.0,484.5392282404606,-87.12296643653387
359,359.0,481.18193763539193,-80.15654955998832
360,360.0,482.48278618884876,-86.2529482261844
361,361.0,481.18193763539193,-78.53529320933612
362,362.0,481.18193763539193,-70.81763819248783
363,363.0,481.18193763539193,-70.81763819248783
364,364.0,482.4883767299309,-86.42764642405129
365,365.0,479.85916824485116,-65.16347027763074
366,366.0,481.18193763539193,-64.04839393265217
367,367.0,481.18193763539193,-70.81763819248783
368,368.0,482.4883767299309,-86.3058258855394
369,369.0,481.1875281764741,-78.81270625744793
370,370.0,481.18193763539193,-70.98278354622124
371,371.0,482.4883767299309,-86.42764642405129
372,372.0,482.2518413065395,-84.60678654719636
373,373.0,482.43873423197493,-98.43082920721235
374,374.0,482.48278618884876,-94.24380103618748
375,375.0,481.18193763539193,-78.53529320933612
376,376.0,481.18193763539193,-70.81763819248783
377,377.0,483.2509606600794,-71.53496636947365
378,378.0,483.55268985999635,-93.59547279851544
379,379.0,482.17798412074353,-85.43409038094718
380,380.0,481.18193763539193,-61.34922127780807
381,381.0,481.18193763539193,-70.81763819248783
382,382.0,482.48278618884876,-86.2529482261844
383,383.0,482.48278618884876,-93.9706032430327
384,384.0,481.20340108005394,-78.36655521858215
385,385.0,483.47883267420036,-81.56984466312413
386,386.0,482.48278618884876,-84.50218632835292
387,387.0,483.2509606600794,-79.25262138632193
388,388.0,482.48278618884876,-87.68760458015605
389,389.0,482.1341687138696,-74.3079707376122
390,390.0,482.48278618884876,-77.03797430431261
391,391.0,482.48278618884876,-93.9706032430327
392,392.0,482.48278618884876,-93.9706032430327
393,393.0,481.1696835572145,-78.62560913577386
394,394.0,482.48278618884876,-86.55540061757178
395,395.0,481.18193763539193,-78.59620347859206
396,396.0,481.18193763539193,-70.81763819248783
397,397.0,481.18193763539193,-70.93641826253462
398,398.0,482.48278618884876,-86.31233826120778
399,399.0,481.18193763539193,-78.53529320933612
400,400.0,481.18193763539193,-70.93641826253462
401,401.0,483.47883267420036,-81.69995034237978
402,402.0,481.18193763539193,-69.12778656391228
403,403.0,482.48278618884876,-86.30858290865996
404,404.0,482.48278618884876,-94.08187260798381
405,405.0,482.48278618884876,-93.9706032430327
406,406.0,482.52829099398025,-94.61464247308281
407,407.0,481.18193763539193,-78.8573128243612
408,408.0,483.47883267420036,-81.51873976884451
409,409.0,481.18193763539193,-69.06687629465634
410,410.0,482.48278618884876,-86.2529482261844
411,411.0,482.47053211067134,-94.06091916947044
412,412.0,481.1696835572145,-78.92502105869612
413,413.0,481.18193763539193,-71.05766008038671
414,414.0,481.18193763539193,-70.81763819248783
415,415.0,481.18193763539193,-70.81763819248783
416,416.0,482.48278618884876,-86.2529482261844
417,417.0,482.17798412074353,-73.80108475199623
418,418.0,482.48278618884876,-76.78453131150462
419,419.0,482.48278618884876,-93.9706032430327
420,420.0,482.48278618884876,-93.9706032430327
421,421.0,481.18193763539193,-78.53529320933612
422,422.0,482.4883767299309,-86.3058258855394
423,423.0,482.48278618884876,-94.1981791002546
424,424.0,484.4894531907396,-84.66221719557932
425,425.0,484.5518092135362,-75.94933878659988
426,426.0,482.48278618884876,-95.5270801355162
427,427.0,482.48278618884876,-94.03151351228864
428,428.0,481.18193763539193,-78.53529320933612
429,429.0,482.48278618884876,-86.2529482261844
430,430.0,483.2509606600794,-79.25262138632193
431,431.0,481.1875281764741,-72.42395227586127
432,432.0,482.48278618884876,-86.41809357991781
433,433.0,483.8114896738682,-111.39276863598538
434,434.0,483.2509606600794,-88.04302057183082
435,435.0,484.5973140186677,-89.04897198719199
436,436.0,484.5518092135362,-96.4446073890152
437,437.0,482.17798412074353,-75.23574110596789
438,438.0,483.2509606600794,-62.066549454793886
439,439.0,484.5392282404606,-88.49823275548215
440,440.0,482.17798412074353,-75.42234110264843
441,441.0,483.2509606600794,-62.066549454793886
442,442.0,483.2509606600794,-72.9696227234453
443,443.0,484.5518092135362,-88.40493275714186
444,444.0,483.2509606600794,-80.68727774029358
445,445.0,484.5518092135362,-88.40493275714186
446,446.0,483.2509606600794,-80.68727774029358
447,447.0,484.5518092135362,-88.40493275714186
448,448.0,481.18193763539193,-79.96994956330776
449,449.0,484.5518092135362,-86.97027640317022
450,450.0,484.5518092135362,-96.12258777399013
451,451.0,484.5518092135362,-96.12258777399013
452,452.0,483.23837968700377,-80.78057773863387
453,453.0,484.5518092135362,-88.59153275382243
454,454.0,484.5518092135362,-96.24440831250202
455,455.0,481.18193763539193,-80.0308598325637
456,456.0,484.5518092135362,-86.97027640317022
457,457.0,483.2509606600794,-80.68727774029358
458,458.0,481.18193763539193,-72.25229454645948
459,459.0,484.5518092135362,-86.97027640317022
460,460.0,483.2509606600794,-80.68727774029358
461,461.0,484.5518092135362,-88.52675329565375
462,462.0,484.5518092135362,-96.18349804324608
463,463.0,483.2509606600794,-80.68727774029358
464,464.0,481.18193763539193,-72.25229454645948
465,465.0,484.5857319246967,-86.68564605331908
466,466.0,484.5518092135362,-95.98027259906458
467,467.0,484.5518092135362,-96.12258777399013
468,468.0,483.2509606600794,-80.68727774029358
469,469.0,481.18193763539193,-72.25229454645948
470,470.0,483.2509606600794,-71.53496636947365
471,471.0,483.2509606600794,-72.9696227234453
472,472.0,484.5518092135362,-88.40493275714186
473,473.0,484.5518092135362,-96.12258777399013
474,474.0,482.48278618884876,-95.40525959700432
475,475.0,484.5518092135362,-94.68793142001851
476,476.0,483.2509606600794,-80.68727774029358
477,477.0,483.2509606600794,-72.9696227234453
478,478.0,484.5518092135362,-88.40493275714186
479,479.0,484.5518092135362,-96.12258777399013
480,480.0,484.5518092135362,-96.12258777399013
481,481.0,482.52829099398025,-96.04929882705446
482,482.0,484.5518092135362,-95.00995103504357
483,483.0,483.2509606600794,-80.68727774029358
484,484.0,484.5518092135362,-88.40493275714186
485,485.0,484.5518092135362,-96.24440831250202
486,486.0,483.2509606600794,-80.74818800954952
487,487.0,484.5518092135362,-88.40493275714186
488,488.0,484.5518092135362,-96.12258777399013
489,489.0,484.5518092135362,-96.12258777399013
490,490.0,484.5518092135362,-96.12258777399013
491,491.0,484.5518092135362,-96.12258777399013
492,492.0,484.5518092135362,-96.12258777399013
493,493.0,482.48278618884876,-95.40525959700432
494,494.0,483.2509606600794,-79.3714014563687
495,495.0,484.5518092135362,-88.58614333067715
496,496.0,483.23837968700377,-80.84148800788981
497,497.0,484.5518092135362,-88.59153275382243
498,498.0,484.5518092135362,-96.12258777399013
499,499.0,484.5392282404606,-96.21588777233042
500,500.0,484.5392282404606,-96.40248776901097
501,501.0,484.5518092135362,-96.3091877706707
502,502.0,482.48278618884876,-95.40525959700432
503,503.0,483.2509606600794,-79.25262138632193
504,504.0,484.5518092135362,-88.40493275714186
505,505.0,483.2509606600794,-80.68727774029358
506,506.0,481.1696835572145,-72.34261047289722
507,507.0,482.48278618884876,-86.4335800790599
508,508.0,484.5518092135362,-94.68793142001851
509,509.0,481.18193763539193,-79.96994956330776
510,510.0,484.55755424234906,-87.02459393745985
511,511.0,482.17798412074353,-75.34437617454715
512,512.0,484.5392282404606,-77.59515948683072
513,513.0,484.5518092135362,-96.3091877706707
514,514.0,484.5518092135362,-96.12258777399013
515,515.0,482.48278618884876,-95.5270801355162
516,516.0,481.18193763539193,-78.59620347859206
517,517.0,482.48278618884876,-86.2529482261844
518,518.0,484.5518092135362,-94.68793142001851
519,519.0,483.2509606600794,-80.68727774029358
520,520.0,484.5518092135362,-88.40493275714186
521,521.0,484.5973140186677,-96.76662700404027
522,522.0,481.18193763539193,-80.29196917833282
523,523.0,484.5973140186677,-87.61431563322037
524,524.0,484.5518092135362,-96.4446073890152
525,525.0,484.5518092135362,-96.12258777399013
526,526.0,484.5518092135362,-96.12258777399013
527,527.0,484.5518092135362,-96.12258777399013
528,528.0,483.2509606600794,-80.68727774029358
529,529.0,484.5518092135362,-88.40493275714186
530,530.0,483.80589913278607,-112.77454733060203
531,531.0,482.4883767299309,-102.70812476918653
532,532.0,484.5518092135362,-94.79368673872855
533,533.0,484.5518092135362,-96.12258777399013
534,534.0,484.5518092135362,-96.12258777399013
535,535.0,484.5518092135362,-96.12258777399013
536,536.0,484.5518092135362,-96.12258777399013
537,537.0,483.2509606600794,-80.68727774029358
538,538.0,484.5518092135362,-88.40493275714186
539,539.0,483.2509606600794,-80.68727774029358
540,540.0,482.48278618884876,-87.68760458015605
541,541.0,483.2509606600794,-79.25262138632193
542,542.0,483.2509606600794,-72.9696227234453
543,543.0,483.2509606600794,-73.08840279349208
544,544.0,484.5518092135362,-88.46432279216526
545,545.0,484.5518092135362,-96.12258777399013
546,546.0,481.18193763539193,-79.96994956330776
547,547.0,484.5518092135362,-86.97027640317022
548,548.0,483.2509606600794,-80.68727774029358
549,549.0,483.2509606600794,-72.9696227234453
550,550.0,484.5518092135362,-88.40493275714186
551,551.0,484.5518092135362,-96.12258777399013
552,552.0,484.5518092135362,-96.12258777399013
553,553.0,483.2509606600794,-80.68727774029358
554,554.0,484.5518092135362,-88.40493275714186
555,555.0,483.2509606600794,-80.68727774029358
556,556.0,482.48278618884876,-87.68760458015605
557,557.0,484.5518092135362,-94.68793142001851
558,558.0,484.5392282404606,-96.21588777233042
559,559.0,483.2509606600794,-80.87387773697415
560,560.0,484.5518092135362,-88.40493275714186
561,561.0,484.5518092135362,-96.12258777399013
562,562.0,484.5518092135362,-96.12258777399013
563,563.0,483.2509606600794,-80.68727774029358
564,564.0,484.5518092135362,-88.40493275714186
565,565.0,481.18193763539193,-79.96994956330776
566,566.0,484.5518092135362,-86.97027640317022
567,567.0,484.5518092135362,-96.12258777399013
568,568.0,483.23837968700377,-80.89935780868065
569,569.0,482.48278618884876,-87.93359461185997
570,570.0,484.5518092135362,-94.68793142001851
571,571.0,484.5518092135362,-96.24440831250202
572,572.0,484.5973140186677,-96.82753727329622
573,573.0,482.48278618884876,-95.72727921202939
574,574.0,483.2953123790646,-79.830655227567
575,575.0,484.5518092135362,-88.69394967776438
576,576.0,481.1696835572145,-80.1790455597923
577,577.0,483.2509606600794,-71.77498825737254
578,578.0,484.5518092135362,-88.40493275714186
579,579.0,482.48278618884876,-95.40525959700432
580,580.0,484.5518092135362,-94.68793142001851
581,581.0,483.2509606600794,-80.68727774029358
582,582.0,484.5392282404606,-88.49823275548215
583,583.0,483.23837968700377,-80.96717773531442
584,584.0,484.5392282404606,-88.6848327521627
585,585.0,483.282731405989,-81.54521157655947
586,586.0,484.5518092135362,-89.00237021295683
587,587.0,483.2509606600794,-80.74818800954952
588,588.0,484.5518092135362,-88.40493275714186
589,589.0,483.23837968700377,-80.78057773863387
590,590.0,483.2509606600794,-73.15622272012585
591,591.0,483.2509606600794,-72.9696227234453
592,592.0,482.48278618884876,-87.68760458015605
593,593.0,481.18193763539193,-78.53529320933612
594,594.0,484.5518092135362,-86.97027640317022
595,595.0,483.2509606600794,-80.68727774029358
596,596.0,483.2509606600794,-72.9696227234453
597,597.0,482.48278618884876,-87.68760458015605
598,598.0,484.5518092135362,-94.68793142001851
599,599.0,483.2509606600794,-80.80605781034038
600,600.0,484.5518092135362,-88.46432279216526
601,601.0,483.2509606600794,-80.68727774029358
602,602.0,483.2509606600794,-72.9696227234453
603,603.0,483.2509606600794,-72.9696227234453
604,604.0,483.23837968700377,-73.06292272178558
605,605.0,483.2509606600794,-73.15622272012585
606,606.0,484.5518092135362,-88.40493275714186
607,607.0,484.5392282404606,-96.21588777233042
608,608.0,483.2509606600794,-80.87387773697415
609,609.0,484.5518092135362,-88.40493275714186
610,610.0,484.5392282404606,-96.21588777233042
611,611.0,483.2509606600794,-80.87387773697415
612,612.0,482.48278618884876,-87.68760458015605
613,613.0,482.48278618884876,-93.9706032430327
614,614.0,484.5392282404606,-94.78123141835879
615,615.0,484.5518092135362,-96.3091877706707
616,616.0,484.5518092135362,-96.12258777399013
617,617.0,483.2509606600794,-80.68727774029358
618,618.0,483.2509606600794,-72.9696227234453
619,619.0,483.2509606600794,-72.9696227234453
620,620.0,483.282731405989,-73.64095656303063
621,621.0,484.5518092135362,-88.88054967444495
622,622.0,483.2509606600794,-80.68727774029358
623,623.0,484.5518092135362,-88.40493275714186
624,624.0,484.5518092135362,-96.12258777399013
625,625.0,484.5518092135362,-96.12258777399013
626,626.0,484.5518092135362,-96.12258777399013
627,627.0,484.5392282404606,-96.21588777233042
628,628.0,483.2509606600794,-80.87387773697415
629,629.0,484.5392282404606,-88.49823275548215
630,630.0,484.5518092135362,-96.3091877706707
631,631.0,484.5518092135362,-96.12258777399013
632,632.0,483.2509606600794,-80.68727774029358
633,633.0,484.5518092135362,-88.40493275714186
634,634.0,483.2953123790646,-81.26531158153863
635,635.0,483.2509606600794,-73.25863964406781
636,636.0,484.5518092135362,-88.40493275714186
637,637.0,483.2509606600794,-80.68727774029358
638,638.0,483.2509606600794,-72.9696227234453
639,639.0,481.97177477842024,-58.951444755780315
640,640.0,484.5518092135362,-81.39584377330937
641,641.0,483.2509606600794,-80.68727774029358
642,642.0,483.2509606600794,-72.9696227234453
643,643.0,483.23837968700377,-73.06292272178558
644,644.0,484.5518092135362,-88.59153275382243
645,645.0,483.23837968700377,-80.78057773863387
646,646.0,482.48278618884876,-87.99602511534849
647,647.0,483.2509606600794,-79.31353165557788
648,648.0,484.5518092135362,-88.40493275714186
649,649.0,484.5518092135362,-96.12258777399013
650,650.0,483.2509606600794,-80.68727774029358
651,651.0,484.5518092135362,-88.40493275714186
652,652.0,484.5518092135362,-96.12258777399013
653,653.0,481.1875281764741,-80.02282722266278
654,654.0,483.2509606600794,-71.64072168818367
655,655.0,483.2509606600794,-72.9696227234453
656,656.0,484.5518092135362,-88.40493275714186
657,657.0,484.5518092135362,-96.12258777399013
658,658.0,484.5518092135362,-96.12258777399013
659,659.0,483.20714525320545,-81.19416372590952
660,660.0,483.2509606600794,-73.22306571625327
661,661.0,483.25358674964525,-74.05653676482979
662,662.0,484.5518092135362,-88.94838977783411
663,663.0,484.5518092135362,-96.12258777399013
664,664.0,483.23837968700377,-80.78057773863387
665,665.0,482.48278618884876,-87.8742045768366
666,666.0,481.18193763539193,-78.65407327938289
667,667.0,484.5973140186677,-87.67370566824374
668,668.0,484.5518092135362,-96.4446073890152
669,669.0,484.5518092135362,-96.12258777399013
670,670.0,484.5518092135362,-96.12258777399013
671,671.0,484.5973140186677,-96.76662700404027
672,672.0,485.8749221574735,-113.8138951226129
673,673.0,484.5518092135362,-104.807231640789
674,674.0,483.2509606600794,-80.68727774029358
675,675.0,483.2509606600794,-72.9696227234453
676,676.0,483.2509606600794,-72.9696227234453
677,677.0,484.5518092135362,-88.40493275714186
678,678.0,482.48278618884876,-95.40525959700432
679,679.0,482.48278618884876,-93.9706032430327
680,680.0,483.2509606600794,-79.25262138632193
681,681.0,484.5518092135362,-88.40493275714186
682,682.0,484.5518092135362,-96.12258777399013
683,683.0,484.5518092135362,-96.12258777399013
684,684.0,483.2509606600794,-80.68727774029358
685,685.0,483.2953123790646,-73.54765656469036
686,686.0,484.5518092135362,-88.69394967776438
687,687.0,484.5518092135362,-96.12258777399013
688,688.0,483.2509606600794,-80.68727774029358
689,689.0,483.2509606600794,-72.9696227234453
690,690.0,484.5392282404606,-88.44193801821181
691,691.0,482.52829099398025,-96.12330934919434
692,692.0,484.5518092135362,-95.00995103504357
693,693.0,484.5518092135362,-96.12258777399013
694,694.0,484.5518092135362,-96.12258777399013
695,695.0,484.5973140186677,-96.76662700404027
696,696.0,481.18193763539193,-80.29196917833282
697,697.0,483.2509606600794,-71.53496636947365
698,698.0,481.18193763539193,-72.25229454645948
699,699.0,483.23837968700377,-71.62826636781392
700,700.0,484.5392282404606,-88.6848327521627
701,701.0,484.5518092135362,-96.3091877706707
702,702.0,484.5518092135362,-96.12258777399013
703,703.0,483.2509606600794,-80.68727774029358
704,704.0,483.2509606600794,-72.9696227234453
705,705.0,483.2509606600794,-72.9696227234453
706,706.0,484.5518092135362,-88.40493275714186
707,707.0,483.23837968700377,-80.78057773863387
708,708.0,484.5518092135362,-88.59153275382243
709,709.0,484.5518092135362,-96.12258777399013
710,710.0,483.2509606600794,-80.68727774029358
711,711.0,484.5518092135362,-88.40493275714186
712,712.0,484.5518092135362,-96.12258777399013
713,713.0,484.5518092135362,-96.12258777399013
714,714.0,482.48278618884876,-95.40525959700432
715,715.0,484.5518092135362,-94.68793142001851
716,716.0,483.2509606600794,-80.68727774029358
717,717.0,482.47053211067134,-87.7779205065938
718,718.0,483.23837968700377,-79.5265532375377
719,719.0,484.5518092135362,-88.59153275382243
720,720.0,484.5518092135362,-96.12258777399013
721,721.0,483.2509606600794,-80.68727774029358
722,722.0,483.2509606600794,-72.9696227234453
723,723.0,483.2509606600794,-72.9696227234453
724,724.0,483.2509606600794,-72.9696227234453
725,725.0,483.2509606600794,-72.9696227234453
726,726.0,483.282731405989,-73.64095656303063
727,727.0,484.5392282404606,-88.97384967278522
728,728.0,483.2509606600794,-80.9926578070209
729,729.0,483.2509606600794,-73.02901275846868
730,730.0,484.5518092135362,-88.52675329565375
731,731.0,484.5518092135362,-96.18349804324608
732,732.0,483.23837968700377,-80.78057773863387
733,733.0,483.2509606600794,-73.15622272012585
734,734.0,483.2953123790646,-73.54765656469036
735,735.0,483.2509606600794,-73.25863964406781
736,736.0,484.5518092135362,-88.40493275714186
737,737.0,483.2509606600794,-80.68727774029358
738,738.0,484.5392282404606,-88.49823275548215
739,739.0,483.23837968700377,-80.96717773531442
740,740.0,483.23837968700377,-73.24952271846612
741,741.0,483.30105740787747,-73.78857409566055
742,742.0,483.2953123790646,-73.94530855389215
743,743.0,484.5392282404606,-88.73095493883433
744,744.0,484.5392282404606,-96.2898982944703
745,745.0,484.5518092135362,-96.3091877706707
746,746.0,483.2509606600794,-80.68727774029358
747,747.0,483.19579161381773,-72.24708612570544
748,748.0,484.5392282404606,-88.08066971934187
749,749.0,484.5518092135362,-96.19659829613003
750,750.0,483.23837968700377,-80.78057773863387
751,751.0,483.23837968700377,-73.19322798119579
752,752.0,483.2509606600794,-73.0436332455852
753,753.0,483.2509606600794,-72.9696227234453
754,754.0,483.2509606600794,-72.9696227234453
755,755.0,484.5973140186677,-89.04897198719199
756,756.0,483.2509606600794,-81.00929735531864
757,757.0,484.5518092135362,-88.40493275714186
758,758.0,484.5518092135362,-96.12258777399013
759,759.0,483.2509606600794,-80.68727774029358
760,760.0,484.5518092135362,-88.40493275714186
761,761.0,484.5518092135362,-96.12258777399013
762,762.0,483.2509606600794,-80.68727774029358
763,763.0,484.5518092135362,-88.40493275714186
764,764.0,483.23837968700377,-80.78057773863387
765,765.0,484.5518092135362,-88.59153275382243
766,766.0,484.5518092135362,-96.12258777399013
767,767.0,484.5518092135362,-96.12258777399013
768,768.0,484.5518092135362,-96.12258777399013
769,769.0,481.915610296463,-67.24208921896249
770,770.0,484.5518092135362,-81.82228849398673
771,771.0,484.5518092135362,-96.12258777399013
772,772.0,484.5518092135362,-96.12258777399013
773,773.0,483.2509606600794,-80.68727774029358
774,774.0,483.2509606600794,-72.9696227234453
775,775.0,484.5518092135362,-88.40493275714186
776,776.0,484.5973140186677,-96.76662700404027
777,777.0,484.5518092135362,-96.4446073890152
778,778.0,483.2509606600794,-80.68727774029358
779,779.0,483.23837968700377,-73.06292272178558
780,780.0,484.5518092135362,-88.59153275382243
781,781.0,484.5518092135362,-96.12258777399013
782,782.0,483.2509606600794,-80.68727774029358
783,783.0,484.5392282404606,-88.49823275548215
784,784.0,483.2567056888922,-80.92819527126377
785,785.0,484.5973140186677,-89.15760705577127
786,786.0,483.2509606600794,-81.00929735531864
787,787.0,483.2509606600794,-72.9696227234453
788,788.0,483.23837968700377,-73.00662798451525
789,789.0,484.5518092135362,-88.47894327928175
790,790.0,484.5392282404606,-96.21588777233042
791,791.0,483.23837968700377,-80.96717773531442
792,792.0,483.23837968700377,-73.24952271846612
793,793.0,483.2509606600794,-73.15622272012585
794,794.0,484.5392282404606,-88.49823275548215
795,795.0,484.5392282404606,-96.40248776901097
796,796.0,483.2953123790646,-81.4519115782192
797,797.0,484.5518092135362,-88.69394967776438
798,798.0,483.23837968700377,-80.78057773863387
799,799.0,484.5518092135362,-88.59153275382243
800,800.0,484.5392282404606,-96.15959303506008
801,801.0,484.5518092135362,-96.19659829613003
802,802.0,484.5518092135362,-96.12258777399013
803,803.0,483.2509606600794,-80.68727774029358
804,804.0,484.5518092135362,-88.40493275714186
805,805.0,484.5518092135362,-96.12258777399013
806,806.0,484.5518092135362,-96.12258777399013
807,807.0,484.5518092135362,-96.12258777399013
808,808.0,483.2509606600794,-80.68727774029358
809,809.0,483.2509606600794,-72.9696227234453
810,810.0,483.23837968700377,-73.06292272178558
811,811.0,484.5973140186677,-89.23557198387255
812,812.0,485.8749221574735,-113.8138951226129
813,813.0,483.2509606600794,-89.37192160709242
814,814.0,484.5392282404606,-88.44193801821181
815,815.0,484.5518092135362,-96.19659829613003
816,816.0,483.2509606600794,-80.68727774029358
817,817.0,483.23837968700377,-73.06292272178558
818,818.0,483.2509606600794,-73.15622272012585
819,819.0,483.2509606600794,-72.9696227234453
820,820.0,484.5518092135362,-88.40493275714186
821,821.0,483.23837968700377,-80.78057773863387
822,822.0,483.2509606600794,-73.15622272012585
823,823.0,484.5392282404606,-88.49823275548215
824,824.0,484.5518092135362,-96.3091877706707
825,825.0,483.2509606600794,-80.68727774029358
826,826.0,484.5392282404606,-88.49823275548215
827,827.0,484.5518092135362,-96.3091877706707
828,828.0,484.5518092135362,-96.12258777399013
829,829.0,483.2509606600794,-80.68727774029358
830,830.0,485.8749221574735,-105.77422049073955
831,831.0,484.5518092135362,-104.807231640789
832,832.0,484.5518092135362,-96.12258777399013
833,833.0,483.23837968700377,-80.72428300136353
834,834.0,483.23837968700377,-73.08063850665515
835,835.0,484.5518092135362,-88.47894327928175
836,836.0,483.2509606600794,-80.68727774029358
837,837.0,483.23837968700377,-73.06292272178558
838,838.0,484.5518092135362,-88.59153275382243
839,839.0,484.5518092135362,-96.12258777399013
840,840.0,481.2262893543772,-80.54798340455281
841,841.0,484.5973140186677,-87.90333255384289
842,842.0,483.23837968700377,-81.10259735365892
843,843.0,484.5518092135362,-88.59153275382243
844,844.0,483.2509606600794,-80.68727774029358
845,845.0,484.5392282404606,-88.44193801821181
846,846.0,484.5518092135362,-96.19659829613003
847,847.0,483.2509606600794,-80.68727774029358
848,848.0,484.5392282404606,-88.44193801821181
849,849.0,484.5392282404606,-96.2898982944703
850,850.0,483.2953123790646,-81.4519115782192
851,851.0,484.5518092135362,-88.69394967776438
852,852.0,485.8623411843979,-113.58517550592812
853,853.0,484.5518092135362,-104.99383163746955
854,854.0,484.5518092135362,-96.12258777399013
855,855.0,484.5518092135362,-96.12258777399013
856,856.0,484.5518092135362,-96.12258777399013
857,857.0,484.5392282404606,-96.15959303506008
858,858.0,483.2509606600794,-80.76128826243347
859,859.0,483.2509606600794,-72.9696227234453
860,860.0,484.5392282404606,-88.44193801821181
861,861.0,484.5518092135362,-96.19659829613003
862,862.0,483.2509606600794,-80.68727774029358
863,863.0,484.5518092135362,-88.40493275714186
864,864.0,484.5518092135362,-96.12258777399013
865,865.0,483.2509606600794,-80.68727774029358
866,866.0,484.5518092135362,-88.40493275714186
867,867.0,484.5392282404606,-96.15959303506008
868,868.0,484.5518092135362,-96.19659829613003
869,869.0,484.5518092135362,-96.12258777399013
870,870.0,483.23837968700377,-80.78057773863387
871,871.0,483.23837968700377,-73.19322798119579
872,872.0,481.9281912695386,-59.50514472591382
873,873.0,481.915610296463,-52.698895205008185
874,874.0,484.55755424234906,-81.76401655373571
875,875.0,483.24568929988936,-80.94310677879861
876,876.0,484.5518092135362,-88.69932069699338
877,877.0,483.23837968700377,-80.78057773863387
878,878.0,483.2509606600794,-73.15622272012585
879,879.0,484.5518092135362,-88.40493275714186
880,880.0,484.5518092135362,-96.12258777399013
881,881.0,483.2509606600794,-80.68727774029358
882,882.0,483.2509606600794,-72.9696227234453
883,883.0,483.23837968700377,-73.06292272178558
884,884.0,484.5392282404606,-88.62853801489237
885,885.0,483.2567056888922,-80.8156057967231
886,886.0,483.2509606600794,-73.07825779202456
887,887.0,483.2509606600794,-72.9696227234453
888,888.0,484.5392282404606,-88.44193801821181
889,889.0,484.5518092135362,-96.19659829613003
890,890.0,484.5392282404606,-96.15959303506008
891,891.0,484.5392282404606,-96.23360355719998
892,892.0,483.23837968700377,-80.79829352350342
893,893.0,484.5518092135362,-88.47894327928175
894,894.0,483.23837968700377,-80.72428300136353
895,895.0,484.5518092135362,-88.47894327928175
896,896.0,483.2509606600794,-80.68727774029358
897,897.0,483.23837968700377,-73.00662798451525
898,898.0,484.5392282404606,-88.5159485403517
899,899.0,484.5392282404606,-96.2898982944703
900,900.0,483.2509606600794,-80.87387773697415
901,901.0,484.5392282404606,-88.49823275548215
902,902.0,484.5518092135362,-96.3091877706707
903,903.0,483.2509606600794,-80.68727774029358
904,904.0,483.23837968700377,-73.00662798451525
905,905.0,484.5518092135362,-88.47894327928175
906,906.0,483.2900410188746,-81.35620135414725
907,907.0,484.5518092135362,-88.87572922298163
908,908.0,483.2509606600794,-80.68727774029358
909,909.0,484.5518092135362,-88.40493275714186
910,910.0,484.5518092135362,-96.12258777399013
911,911.0,484.5392282404606,-96.21588777233042
912,912.0,484.5518092135362,-96.3091877706707
913,913.0,483.23837968700377,-80.72428300136353
914,914.0,483.24568929988936,-73.13452301819382
915,915.0,483.2509606600794,-73.15140226866254
916,916.0,484.5518092135362,-88.40493275714186
917,917.0,482.47053211067134,-95.43992744107162
918,918.0,483.23837968700377,-79.41525707279683
919,919.0,484.5392282404606,-88.62853801489237
920,920.0,483.23837968700377,-80.85458826077374
921,921.0,484.5518092135362,-88.59153275382243
922,922.0,484.5518092135362,-96.12258777399013
923,923.0,483.23837968700377,-80.72428300136353
924,924.0,483.2509606600794,-73.0436332455852
925,925.0,483.24568929988936,-73.11681669337106
926,926.0,484.5392282404606,-88.73632595806333
927,927.0,484.5392282404606,-96.2898982944703
928,928.0,484.50775725666233,-96.85558335698025
929,929.0,484.5392282404606,-96.43279082821486
930,930.0,482.17798412074353,-75.30975162810776
931,931.0,484.5847330455921,-78.23919871688084
932,932.0,481.915610296463,-67.69441409339777
933,933.0,484.5518092135362,-81.70969901944608
934,934.0,483.23837968700377,-80.72428300136353
935,935.0,483.23837968700377,-73.08063850665515
936,936.0,483.23837968700377,-73.08063850665515
937,937.0,483.2509606600794,-73.0436332455852
938,938.0,484.5392282404606,-88.44193801821181
939,939.0,481.17679729007386,-80.13109266032946
940,940.0,483.282731405989,-72.3805653588226
941,941.0,482.1654553673692,-68.02767122601907
942,942.0,484.5518092135362,-77.56979592768324
943,943.0,483.23837968700377,-80.72428300136353
944,944.0,481.18193763539193,-72.32630506859938
945,945.0,484.5518092135362,-86.97027640317022
946,946.0,483.30446718718014,-110.81524927871548
947,947.0,483.2509606600794,-88.17355849016666
948,948.0,482.48278618884876,-87.68760458015605
949,949.0,483.23837968700377,-79.28962664739188
950,950.0,484.5847330455921,-89.15998777040181
951,951.0,484.5973140186677,-97.16265714120524
952,952.0,484.5392282404606,-96.48161265008515
953,953.0,484.5518092135362,-96.19659829613003
954,954.0,484.5518092135362,-96.12258777399013
955,955.0,484.5392282404606,-96.15959303506008
956,956.0,484.5392282404606,-96.23360355719998
957,957.0,484.5392282404606,-96.23360355719998
958,958.0,484.5392282404606,-96.23360355719998
959,959.0,484.5392282404606,-96.23360355719998
960,960.0,483.2509606600794,-80.76128826243347
961,961.0,483.23837968700377,-73.06292272178558
962,962.0,483.2509606600794,-73.15622272012585
963,963.0,484.5392282404606,-88.44193801821181
964,964.0,484.5392282404606,-96.2898982944703
965,965.0,481.9591938053447,-66.8927050303791
966,966.0,484.5392282404606,-81.50685955651923
967,967.0,484.5518092135362,-96.19659829613003
968,968.0,484.5465378533462,-96.21347754659875
969,969.0,484.5392282404606,-96.34137258027734
970,970.0,484.5392282404606,-96.23360355719998
971,971.0,484.5465378533462,-96.28748806873864
972,972.0,484.5392282404606,-96.34137258027734
973,973.0,484.5392282404606,-96.23360355719998
974,974.0,484.5518092135362,-96.19659829613003
975,975.0,484.5518092135362,-96.12258777399013
976,976.0,484.5465378533462,-96.21347754659875
977,977.0,483.23837968700377,-80.90606254658074
978,978.0,483.23837968700377,-73.08063850665515
979,979.0,483.2509606600794,-73.0436332455852
980,980.0,483.23837968700377,-73.00662798451525
981,981.0,483.23837968700377,-73.08063850665515
982,982.0,484.5392282404606,-88.5159485403517
983,983.0,481.1696835572145,-80.07862792951495
984,984.0,484.5465378533462,-87.13050186391345
985,985.0,484.5392282404606,-96.34137258027734
986,986.0,484.5392282404606,-96.23360355719998
987,987.0,482.48278618884876,-95.47927011914422
988,988.0,481.1696835572145,-78.56996105340342
989,989.0,483.23837968700377,-71.64130731867822
990,990.0,482.48278618884876,-87.76161510229593
