,t,x,y
0,0.0,618.191875612337,-273.2932226221571
1,1.0,618.191875612337,-273.2932226221571
2,2.0,618.191875612337,-273.2932226221571
3,3.0,618.191875612337,-273.2932226221571
4,4.0,618.191875612337,-273.2932226221571
5,5.0,618.191875612337,-273.2932226221571
6,6.0,618.191875612337,-273.2932226221571
7,7.0,618.191875612337,-273.2932226221571
8,8.0,618.191875612337,-273.2932226221571
9,9.0,618.191875612337,-273.2932226221571
10,10.0,618.191875612337,-273.2932226221571
11,11.0,618.191875612337,-273.2932226221571
12,12.0,618.191875612337,-273.2932226221571
13,13.0,618.191875612337,-273.2932226221571
14,14.0,618.191875612337,-273.2932226221571
15,15.0,618.191875612337,-273.2932226221571
16,16.0,618.191875612337,-273.2932226221571
17,17.0,618.191875612337,-273.2932226221571
18,18.0,618.191875612337,-273.2932226221571
19,19.0,618.191875612337,-273.2932226221571
20,20.0,618.191875612337,-273.2932226221571
21,21.0,618.191875612337,-273.2932226221571
22,22.0,618.191875612337,-273.2932226221571
23,23.0,618.191875612337,-273.2932226221571
24,24.0,618.191875612337,-273.2932226221571
25,25.0,618.191875612337,-273.2932226221571
26,26.0,618.191875612337,-273.2932226221571
27,27.0,618.191875612337,-273.2932226221571
28,28.0,618.191875612337,-273.2932226221571
29,29.0,618.191875612337,-273.2932226221571
30,30.0,618.191875612337,-273.2932226221571
31,31.0,618.191875612337,-273.2932226221571
32,32.0,618.191875612337,-273.2932226221571
33,33.0,618.191875612337,-273.2932226221571
34,34.0,618.191875612337,-273.2932226221571
35,35.0,618.191875612337,-273.2932226221571
36,36.0,618.191875612337,-273.2932226221571
37,37.0,618.191875612337,-273.2932226221571
38,38.0,618.191875612337,-273.2932226221571
39,39.0,618.191875612337,-273.2932226221571
40,40.0,618.191875612337,-273.2932226221571
41,41.0,618.191875612337,-273.2932226221571
42,42.0,618.191875612337,-273.2932226221571
43,43.0,618.191875612337,-273.2932226221571
44,44.0,618.191875612337,-273.2932226221571
45,45.0,618.191875612337,-273.2932226221571
46,46.0,618.191875612337,-273.2932226221571
47,47.0,618.191875612337,-273.2932226221571
48,48.0,618.191875612337,-273.2932226221571
49,49.0,618.191875612337,-273.2932226221571
50,50.0,618.191875612337,-273.2932226221571
51,51.0,618.191875612337,-273.2932226221571
52,52.0,618.191875612337,-273.2932226221571
53,53.0,618.191875612337,-273.2932226221571
54,54.0,614.3991273546889,-246.56069328293506
55,55.0,614.3991273546889,-219.82816394371307
56,56.0,610.7467640418295,-216.69507883672512
57,57.0,618.191875612337,-234.31343667796477
58,58.0,621.7656338386105,-227.11930466543072
59,59.0,622.0906103892452,-250.08012751977867
60,60.0,622.0280213432073,-272.6653855100473
61,61.0,618.1246639443807,-285.53703114487234
62,62.0,625.81928071434,-247.4710952061423
63,63.0,625.6771323092653,-214.1733323860376
64,64.0,622.1189130968061,-240.00497623462812
65,65.0,618.3741448002115,-293.98653388920934
66,66.0,618.3741448002115,-349.5565696802391
67,67.0,622.0906103892452,-348.48236474468126
68,68.0,622.0906103892452,-316.2833371584417
69,69.0,622.0280213432073,-282.9346349698655
70,70.0,618.3741448002115,-301.0255344907397
71,71.0,618.4602036327755,-317.9961069961717
72,72.0,618.4806902726831,-335.100459801838
73,73.0,618.434880117783,-332.59098163224826
74,74.0,618.4629732164664,-331.1777257975635
75,75.0,618.434880117783,-323.7445908325449
76,76.0,622.1189130968061,-286.3040733593843
77,77.0,618.434880117783,-274.9039463168388
78,78.0,614.551314728944,-236.88758595721038
79,79.0,614.8776942977483,-286.32066034716644
80,80.0,614.8498057902513,-309.70029148716964
81,81.0,614.8776942977483,-366.74422549910355
82,82.0,614.8498057902513,-365.08655266824036
83,83.0,614.8948643490234,-361.31158262805053
84,84.0,611.333202132082,-400.0694359108567
85,85.0,607.4791647165667,-387.2995176174843
86,86.0,607.5029530775505,-376.72319610539074
87,87.0,611.0082169147262,-291.4381272618526
88,88.0,604.0664726470072,-315.8959664486562
89,89.0,600.3048561906662,-295.2102425492414
90,90.0,604.0664726470072,-351.950658869135
91,91.0,604.086086767472,-352.2066738370738
92,92.0,655.688509396347,-265.9404313095344
93,93.0,658.2898591358486,-295.1841800261106
94,94.0,660.1640503256535,-357.0358869041895
95,95.0,655.7725391761337,-459.5524051982472
96,96.0,655.8570551179055,-416.5098237355644
97,97.0,596.9653075082526,-448.30362884341275
98,98.0,596.949765786351,-332.0824042821791
99,99.0,655.9557826451352,-354.05609893092094
100,100.0,596.949765786351,-454.9210858961757
101,101.0,596.949765786351,-334.9657827698569
102,102.0,604.0700053602859,-350.2679781335567
103,103.0,604.0574723758381,-364.80985414419644
104,104.0,664.5829412380378,-410.0921229078889
105,105.0,604.0574723758381,-510.15699520342105
106,106.0,661.921898940524,-319.02246765631753
107,107.0,661.9317060007564,-338.6624700011296
108,108.0,661.921898940524,-338.8878359247641
109,109.0,604.0664726470072,-418.53125931491854
110,110.0,664.4924616442718,-405.0851710968102
111,111.0,661.8303855701038,-379.4356847403583
112,112.0,664.5874413736225,-428.6644377667459
113,113.0,661.8303855701038,-381.7663670120104
114,114.0,604.0664726470072,-415.95039413064313
115,115.0,659.2317668855196,-259.3377546861441
116,116.0,661.8303855701038,-306.5619765350253
117,117.0,664.5874413736225,-428.6644377667459
118,118.0,661.8303855701038,-381.7663670120104
119,119.0,659.5063652145125,-410.1654508490276
120,120.0,600.6854926267844,-548.5218701241747
121,121.0,659.3217588535204,-318.73077532849413
122,122.0,659.501865078928,-383.5294832963976
123,123.0,604.0574723758381,-491.9024931775945
124,124.0,659.2317668855196,-259.82896302754307
125,125.0,604.0574723758381,-359.6652269137434
126,126.0,661.9236652971633,-319.15690916620724
127,127.0,604.0574723758381,-419.45508678989677
128,128.0,661.9173988049395,-319.32064528000694
129,129.0,662.1555308994556,-596.5612218301204
130,130.0,659.4154085482337,-536.429231834224
131,131.0,661.921898940524,-373.08807195639787
132,132.0,659.3297995571133,-281.590727223571
133,133.0,604.0574723758381,-361.9339809341764
134,134.0,659.3297995571133,-261.9339809341765
135,135.0,659.3297995571133,-253.3524681211758
136,136.0,604.0664726470072,-361.60650870657713
137,137.0,661.9317060007564,-318.9794917184698
138,138.0,600.6941377653029,-476.0371097867355
139,139.0,659.3217588535204,-318.7381881967568
140,140.0,657.4486703857897,-231.21700344299913
141,141.0,600.6941377653029,-374.0969517308342
142,142.0,604.086086767472,-391.50149770873924
143,143.0,604.0664726470072,-435.8193839046658
144,144.0,604.0664726470072,-378.9607093918691
145,145.0,661.921898940524,-318.9291464258566
146,146.0,657.6338250560289,-310.0943636113973
147,147.0,661.921898940524,-367.21019237374185
148,148.0,604.086086767472,-419.17843527393876
149,149.0,604.0664726470072,-378.9607093918691
150,150.0,604.086086767472,-379.2099982399513
151,151.0,661.9317060007564,-319.30307969797985
152,152.0,661.921898940524,-339.2872982149736
153,153.0,657.6338250560289,-310.0943636113973
154,154.0,659.3297995571133,-309.9618537858904
155,155.0,661.921898940524,-310.6008067090273
156,156.0,659.3297995571133,-281.78967077903997
157,157.0,604.086086767472,-362.05474111012836
158,158.0,604.0664726470072,-379.2099982399513
159,159.0,604.086086767472,-379.2099982399513
160,160.0,659.4154085482337,-387.87539111935877
161,161.0,659.319992496881,-316.0135042777089
162,162.0,659.319992496881,-252.9785348490526
163,163.0,604.086086767472,-361.80545226204623
164,164.0,659.3297995571133,-261.93009668608727
165,165.0,661.9317060007564,-310.7254511330684
166,166.0,661.921898940524,-339.2872982149736
167,167.0,659.3297995571133,-281.78967077903997
168,168.0,661.9317060007564,-310.7254511330684
169,169.0,604.086086767472,-419.42772412202095
170,170.0,661.9317060007564,-319.42772412202095
171,171.0,604.086086767472,-419.42772412202095
172,172.0,604.086086767472,-379.4592870880335
173,173.0,604.086086767472,-379.4592870880335
174,174.0,659.319992496881,-261.93009668608727
175,175.0,604.0664726470072,-361.55616341396404
176,176.0,604.086086767472,-378.9607093918691
177,177.0,604.086086767472,-379.2099982399513
178,178.0,604.086086767472,-379.4592870880335
179,179.0,659.5161722747448,-392.14401352949835
180,180.0,661.921898940524,-375.6454429187123
181,181.0,604.086086767472,-419.17843527393876
182,182.0,661.9317060007564,-319.30307969797985
183,183.0,661.9317060007564,-339.4119426390147
184,184.0,604.086086767472,-419.42772412202095
185,185.0,604.086086767472,-379.4592870880335
186,186.0,604.086086767472,-379.4592870880335
187,187.0,604.086086767472,-379.4592870880335
188,188.0,604.086086767472,-379.4592870880335
189,189.0,604.086086767472,-379.4592870880335
190,190.0,604.086086767472,-379.4592870880335
191,191.0,661.921898940524,-319.30307969797985
192,192.0,604.086086767472,-419.17843527393876
193,193.0,659.3297995571133,-261.93009668608727
194,194.0,604.086086767472,-362.05474111012836
195,195.0,604.086086767472,-379.4592870880335
196,196.0,604.0664726470072,-379.2099982399513
197,197.0,661.9317060007564,-319.17843527393876
198,198.0,659.5161722747448,-412.1282320464921
199,199.0,659.3297995571133,-318.39710433086077
200,200.0,604.086086767472,-362.05474111012836
201,201.0,604.086086767472,-379.4592870880335
202,202.0,604.086086767472,-379.4592870880335
203,203.0,604.086086767472,-379.4592870880335
204,204.0,604.0664726470072,-379.2099982399513
205,205.0,604.086086767472,-379.2099982399513
206,206.0,604.086086767472,-379.2099982399513
207,207.0,659.5161722747448,-392.14401352949835
208,208.0,604.086086767472,-492.14401352949835
209,209.0,600.3048561906662,-334.74981958101824
210,210.0,659.3297995571133,-217.34527360311313
211,211.0,604.086086767472,-362.05474111012836
212,212.0,659.3297995571133,-262.05474111012836
213,213.0,659.3297995571133,-253.3524681211758
214,214.0,659.3297995571133,-253.3524681211758
215,215.0,659.319992496881,-253.2278236971347
216,216.0,604.086086767472,-361.80545226204623
217,217.0,659.3297995571133,-261.93009668608727
218,218.0,659.3297995571133,-253.3524681211758
219,219.0,661.9317060007564,-310.7254511330684
220,220.0,604.086086767472,-419.42772412202095
221,221.0,604.086086767472,-379.4592870880335
222,222.0,659.3297995571133,-262.05474111012836
223,223.0,604.086086767472,-362.05474111012836
224,224.0,604.086086767472,-379.4592870880335
225,225.0,604.086086767472,-379.4592870880335
226,226.0,661.8303855701038,-316.72221451370444
227,227.0,659.3297995571133,-280.4992381869023
228,228.0,604.086086767472,-362.05474111012836
229,229.0,604.086086767472,-379.4592870880335
230,230.0,659.3297995571133,-262.05474111012836
231,231.0,659.5161722747448,-383.44174054054577
232,232.0,662.1698380952726,-633.1005067977869
233,233.0,659.3297995571133,-410.70416935463885
234,234.0,659.3297995571133,-253.3524681211758
235,235.0,659.3297995571133,-253.3524681211758
236,236.0,604.086086767472,-362.05474111012836
237,237.0,659.3297995571133,-262.05474111012836
238,238.0,659.241573945752,-251.53194650429396
239,239.0,604.086086767472,-360.2342194932465
240,240.0,661.9317060007564,-319.42772412202095
241,241.0,659.3297995571133,-282.03895962712215
242,242.0,659.3297995571133,-253.3524681211758
243,243.0,604.086086767472,-362.05474111012836
244,244.0,604.086086767472,-379.4592870880335
245,245.0,604.086086767472,-379.4592870880335
246,246.0,662.1698380952726,-576.7581435770544
247,247.0,604.086086767472,-676.7581435770544
248,248.0,659.319992496881,-261.93009668608727
249,249.0,604.086086767472,-361.80545226204623
250,250.0,604.086086767472,-379.2099982399513
251,251.0,661.9317060007564,-319.42772412202095
252,252.0,604.086086767472,-419.42772412202095
253,253.0,604.086086767472,-379.4592870880335
254,254.0,604.086086767472,-379.4592870880335
255,255.0,604.086086767472,-379.4592870880335
256,256.0,661.9317060007564,-319.42772412202095
257,257.0,604.086086767472,-419.42772412202095
258,258.0,659.3297995571133,-262.05474111012836
259,259.0,604.086086767472,-362.05474111012836
260,260.0,604.086086767472,-379.4592870880335
261,261.0,604.086086767472,-379.4592870880335
262,262.0,604.086086767472,-379.4592870880335
263,263.0,659.5161722747448,-392.14401352949835
264,264.0,659.3297995571133,-318.39710433086077
265,265.0,604.086086767472,-362.05474111012836
266,266.0,659.3297995571133,-262.05474111012836
267,267.0,604.0664726470072,-361.8054522620462
268,268.0,604.086086767472,-379.2099982399513
269,269.0,661.9317060007564,-319.30307969797985
270,270.0,604.086086767472,-419.42772412202095
271,271.0,604.086086767472,-379.4592870880335
272,272.0,604.086086767472,-379.4592870880335
273,273.0,604.086086767472,-379.4592870880335
274,274.0,659.3297995571133,-262.05474111012836
275,275.0,604.086086767472,-362.05474111012836
276,276.0,661.9317060007564,-319.42772412202095
277,277.0,661.9317060007564,-339.4119426390147
278,278.0,659.3297995571133,-282.03895962712215
279,279.0,604.086086767472,-362.05474111012836
280,280.0,604.086086767472,-379.4592870880335
281,281.0,604.086086767472,-379.4592870880335
282,282.0,604.086086767472,-379.4592870880335
283,283.0,604.086086767472,-379.4592870880335
284,284.0,604.086086767472,-379.4592870880335
285,285.0,604.086086767472,-379.4592870880335
286,286.0,604.086086767472,-379.4592870880335
287,287.0,604.086086767472,-379.4592870880335
288,288.0,659.3297995571133,-262.05474111012836
289,289.0,659.3297995571133,-253.3524681211758
290,290.0,604.086086767472,-362.05474111012836
291,291.0,661.9317060007564,-319.42772412202095
292,292.0,604.086086767472,-419.42772412202095
293,293.0,661.8401926303361,-316.84685893774554
294,294.0,661.9317060007564,-338.121510046877
295,295.0,659.3297995571133,-282.03895962712215
296,296.0,604.086086767472,-362.05474111012836
297,297.0,604.086086767472,-379.4592870880335
298,298.0,661.9317060007564,-319.42772412202095
299,299.0,662.1698380952726,-596.7423620940483
300,300.0,604.086086767472,-676.7581435770544
301,301.0,604.086086767472,-379.4592870880335
302,302.0,604.086086767472,-379.4592870880335
303,303.0,604.086086767472,-379.4592870880335
304,304.0,604.086086767472,-379.4592870880335
305,305.0,604.086086767472,-379.4592870880335
306,306.0,659.3297995571133,-262.05474111012836
307,307.0,604.086086767472,-362.05474111012836
308,308.0,604.086086767472,-379.4592870880335
309,309.0,659.3297995571133,-262.05474111012836
310,310.0,604.086086767472,-362.05474111012836
311,311.0,604.086086767472,-379.4592870880335
312,312.0,659.319992496881,-261.93009668608727
313,313.0,604.086086767472,-361.80545226204623
314,314.0,661.9317060007564,-319.30307969797985
315,315.0,604.086086767472,-419.42772412202095
316,316.0,604.0664726470072,-379.2099982399513
317,317.0,661.9317060007564,-319.17843527393876
318,318.0,604.086086767472,-419.42772412202095
319,319.0,659.241573945752,-260.2342194932465
320,320.0,604.086086767472,-360.2342194932465
321,321.0,604.086086767472,-379.4592870880335
322,322.0,659.3297995571133,-262.05474111012836
323,323.0,604.0664726470072,-361.8054522620462
324,324.0,604.086086767472,-379.2099982399513
325,325.0,604.086086767472,-379.2099982399513
326,326.0,659.3297995571133,-262.05474111012836
327,327.0,604.0664726470072,-361.8054522620462
328,328.0,661.9317060007564,-319.17843527393876
329,329.0,659.241573945752,-280.2184380102402
330,330.0,662.1698380952726,-567.1456097796611
331,331.0,604.086086767472,-676.7581435770544
332,332.0,659.3297995571133,-262.05474111012836
333,333.0,661.9317060007564,-310.7254511330684
334,334.0,659.3297995571133,-282.03895962712215
335,335.0,659.3297995571133,-253.3524681211758
336,336.0,664.5972484338549,-401.69624256637223
337,337.0,661.975579928846,-383.0491273595185
338,338.0,662.0112270813755,-336.05973341483354
339,339.0,662.0112270813755,-336.05023700394656
340,340.0,662.0112270813755,-336.05023700394656
341,341.0,659.4085774060982,-279.18842312625196
342,342.0,662.0112270813755,-307.61933006509923
343,343.0,662.0590599421496,-337.65360939647474
344,344.0,664.7438953634027,-430.37108582787835
345,345.0,604.086086767472,-510.70574965964323
346,346.0,659.4545822616851,-261.45833324296154
347,347.0,659.4085774060982,-251.324296231745
348,348.0,659.4545822616851,-251.89107627608533
349,349.0,662.0590599421496,-309.78948250196777
350,350.0,662.0590599421496,-338.4552955927388
351,351.0,659.4545822616851,-281.1236694111967
352,352.0,659.4545822616851,-252.45785632042566
353,353.0,659.4545822616851,-252.45785632042566
354,354.0,662.0590599421496,-309.78948250196777
355,355.0,664.5329949733082,-286.67531378592923
356,356.0,664.5329949733082,-260.7853228825244
357,357.0,664.5329949733082,-260.7853228825244
358,358.0,662.0590599421496,-312.56530468933397
359,359.0,661.9166141493722,-240.87483750000385
360,360.0,661.9166141493722,-192.08460845363635
361,361.0,661.9166141493722,-192.08460845363635
362,362.0,664.5329949733082,-237.88508473956173
363,363.0,664.5329949733082,-260.7853228825244
364,364.0,659.4545822616851,-255.2336785077919
365,365.0,604.086086767472,-361.45833324296154
366,366.0,661.9166141493722,-221.2095013317687
367,367.0,662.0590599421496,-289.66506654637135
368,368.0,659.4545822616851,-281.1236694111967
369,369.0,664.5329949733082,-258.0095006951582
370,370.0,662.0590599421496,-312.56530468933397
371,371.0,662.0590599421496,-338.4552955927388
372,372.0,662.0590599421496,-338.4552955927388
373,373.0,661.9166141493722,-240.87483750000385
374,374.0,661.9166141493722,-192.08460845363635
375,375.0,659.4545822616851,-232.33344036482922
376,376.0,662.0590599421496,-309.78948250196777
377,377.0,664.5329949733082,-286.67531378592923
378,378.0,604.0664726470072,-366.76068876961193
379,379.0,604.086086767472,-379.2099982399513
380,380.0,661.9166141493722,-221.08485690772764
381,381.0,662.0492528819173,-289.54042212233026
382,382.0,659.4545822616851,-280.8743805631145
383,383.0,662.0590599421496,-309.78948250196777
384,384.0,661.9068070891399,-240.75019307596278
385,385.0,662.0112270813755,-288.01345653887915
386,386.0,604.086086767472,-417.38763826509376
387,387.0,604.086086767472,-379.4592870880335
388,388.0,662.0112270813755,-317.38763826509376
389,389.0,604.086086767472,-417.38763826509376
390,390.0,662.0112270813755,-317.38763826509376
391,391.0,662.0112270813755,-336.35181385362387
392,392.0,659.4085774060982,-279.4691909729628
393,393.0,662.0112270813755,-307.91050241329333
394,394.0,662.0112270813755,-336.35181385362387
395,395.0,604.086086767472,-417.38763826509376
396,396.0,659.3987703458658,-260.3803709603916
397,397.0,662.0112270813755,-307.66121356521114
398,398.0,662.0112270813755,-336.35181385362387
399,399.0,604.086086767472,-417.38763826509376
400,400.0,604.086086767472,-379.4592870880335
401,401.0,604.086086767472,-379.4592870880335
402,402.0,604.086086767472,-379.4592870880335
403,403.0,664.5329949733082,-267.19429838334537
404,404.0,604.086086767472,-367.19429838334537
405,405.0,664.4849708209583,-265.9753341164621
406,406.0,659.4699252412909,-254.9753922851532
407,407.0,662.075012838772,-310.3226859414758
408,408.0,659.4699252412909,-281.58454777693373
409,409.0,659.4699252412909,-252.84640961239165
410,410.0,659.4699252412909,-252.84640961239165
411,411.0,659.4699252412909,-252.84640961239165
412,412.0,660.1938836674483,-288.03909841947143
413,413.0,659.4699252412909,-237.01737273292497
414,414.0,661.9320191374003,-212.54705765068695
415,415.0,662.075012838772,-290.17300996062346
416,416.0,664.5490116497122,-287.1622900841925
417,417.0,662.0112270813755,-310.90344779393945
418,418.0,659.4699252412909,-280.48049312635084
419,419.0,659.4545822616851,-252.4068157535911
420,420.0,662.075012838772,-310.10288901207554
421,421.0,661.9166141493722,-240.90503804716684
422,422.0,659.4545822616851,-232.06706088870766
423,423.0,662.0590599421496,-309.4975454551208
424,424.0,659.4699252412909,-281.28187599845637
425,425.0,662.0590599421496,-309.7173423845211
426,426.0,662.075012838772,-338.5562899979824
427,427.0,662.075012838772,-338.7580306116806
428,428.0,667.2300541946768,-348.77869732642966
429,429.0,660.1938836674483,-321.48477644705076
430,430.0,659.4699252412909,-236.7357769068846
431,431.0,659.4545822616851,-252.31648342296046
432,432.0,662.0293630120989,-309.8853804086376
433,433.0,659.4348783713413,-281.23770205269335
434,434.0,659.4560515857384,-253.02594414780538
435,435.0,662.0391700723312,-310.3323702264008
436,436.0,662.061077174797,-339.31614913255623
437,437.0,659.446244525506,-281.8158788396546
438,438.0,662.0391700723312,-310.08308137831864
439,439.0,659.4560515857384,-281.743212615879
440,440.0,662.0391700723312,-310.3323702264008
441,441.0,659.4348783713413,-281.4869909007756
442,442.0,659.4560515857384,-253.02594414780538
443,443.0,662.061077174797,-310.7269915220344
444,444.0,662.0391700723312,-339.11883848473946
445,445.0,659.4560515857384,-281.743212615879
446,446.0,656.9261920145527,-209.55703207713717
447,447.0,659.3874507852668,-232.07989860015707
448,448.0,662.0192899979747,-312.4038935734728
449,449.0,662.0192899979747,-341.4855465633482
450,450.0,661.9914326730302,-341.09738851651355
451,451.0,662.0192899979747,-341.2914675399308
452,452.0,662.0192899979747,-341.4855465633482
453,453.0,659.4144503883906,-283.5768075300041
454,454.0,604.086086767472,-362.9013877048992
455,455.0,604.086086767472,-379.4592870880335
456,456.0,659.4144503883906,-262.9013877048992
457,457.0,659.4046433281583,-254.49779358929095
458,458.0,662.0192899979747,-312.28188819859395
459,459.0,604.086086767472,-420.81012673824324
460,460.0,662.0192899979747,-320.81012673824324
461,461.0,604.086086767472,-420.81012673824324
462,462.0,604.086086767472,-379.4592870880335
463,463.0,659.4144503883906,-262.9013877048992
464,464.0,661.9914326730302,-312.1430189998415
465,465.0,604.0664726470072,-420.1726798433264
466,466.0,604.086086767472,-379.2099982399513
467,467.0,659.6433013389101,-392.7204174656821
468,468.0,659.6215802159188,-448.87975573192716
469,469.0,659.3297995571133,-318.2379855451114
470,470.0,604.086086767472,-361.874194923587
471,471.0,659.2488990259567,-263.63020050410233
472,472.0,604.086086767472,-363.63020050410233
473,473.0,604.086086767472,-379.4592870880335
474,474.0,604.086086767472,-379.4592870880335
475,475.0,661.8303855701038,-316.72221451370444
476,476.0,604.086086767472,-416.59757008966335
477,477.0,659.3297995571133,-261.93009668608727
478,478.0,604.086086767472,-362.05474111012836
479,479.0,659.3297995571133,-262.05474111012836
480,480.0,604.086086767472,-362.05474111012836
481,481.0,604.086086767472,-379.4592870880335
482,482.0,604.086086767472,-379.4592870880335
483,483.0,604.086086767472,-379.4592870880335
484,484.0,604.0664726470072,-379.2099982399513
485,485.0,604.086086767472,-379.2099982399513
486,486.0,662.1698380952726,-576.6334991530134
487,487.0,604.086086767472,-676.7581435770544
488,488.0,661.8401926303361,-316.84685893774554
489,489.0,659.3297995571133,-280.74852703498436
490,490.0,604.086086767472,-362.05474111012836
491,491.0,604.086086767472,-379.4592870880335
492,492.0,661.9317060007564,-319.42772412202095
493,493.0,659.3297995571133,-282.03895962712215
494,494.0,604.086086767472,-362.05474111012836
495,495.0,659.241573945752,-260.2342194932465
496,496.0,604.086086767472,-360.2342194932465
497,497.0,661.9317060007564,-319.42772412202095
498,498.0,659.2488990259567,-283.61441902109607
499,499.0,604.086086767472,-363.63020050410233
500,500.0,661.8401926303361,-316.84685893774554
501,501.0,657.4391842687105,-258.39379328147675
502,502.0,604.0664726470072,-317.095984755031
503,503.0,659.241573945752,-237.6301968916568
504,504.0,604.0664726470072,-359.9849306451644
505,505.0,659.319992496881,-261.6808078380051
506,506.0,604.0664726470072,-361.55616341396404
507,507.0,604.086086767472,-378.9607093918691
508,508.0,659.3297995571133,-261.93009668608727
509,509.0,659.9590634590124,-285.86099842678857
510,510.0,604.086086767472,-372.2796838937367
511,511.0,659.3297995571133,-239.77115358812398
512,512.0,604.086086767472,-362.05474111012836
513,513.0,661.8303855701038,-316.72221451370444
514,514.0,604.0664726470072,-416.3482812415812
515,515.0,659.241573945752,-259.8602862211233
516,516.0,661.8401926303361,-307.2343251403521
517,517.0,604.086086767472,-416.84685893774554
518,518.0,604.086086767472,-379.4592870880335
519,519.0,604.086086767472,-379.4592870880335
520,520.0,604.0664726470072,-379.2099982399513
521,521.0,661.9317060007564,-319.17843527393876
522,522.0,604.086086767472,-419.42772412202095
523,523.0,604.0664726470072,-379.2099982399513
524,524.0,659.3297995571133,-261.8054522620462
525,525.0,604.086086767472,-362.05474111012836
526,526.0,660.0505768294328,-297.1441366000165
527,527.0,661.9317060007564,-294.8447675950059
528,528.0,659.3297995571133,-282.03895962712215
529,529.0,659.3297995571133,-253.3524681211758
530,530.0,604.086086767472,-362.05474111012836
531,531.0,604.086086767472,-379.4592870880335
532,532.0,604.086086767472,-379.4592870880335
533,533.0,661.9317060007564,-319.42772412202095
534,534.0,604.086086767472,-419.42772412202095
535,535.0,659.2488990259567,-263.63020050410233
536,536.0,659.3297995571133,-254.14019781816285
537,537.0,659.2488990259567,-254.9279275151498
538,538.0,604.086086767472,-363.63020050410233
539,539.0,604.086086767472,-379.4592870880335
540,540.0,661.9317060007564,-319.42772412202095
541,541.0,604.086086767472,-419.42772412202095
542,542.0,604.086086767472,-379.4592870880335
543,543.0,659.241573945752,-260.2342194932465
544,544.0,661.9317060007564,-309.81519032462745
545,545.0,604.086086767472,-419.42772412202095
546,546.0,657.3604447744283,-237.9506319712421
547,547.0,604.086086767472,-315.6670444492377
548,548.0,659.3297995571133,-239.77115358812398
549,549.0,659.2488990259567,-254.9279275151498
550,550.0,604.0664726470072,-363.38091165602026
551,551.0,659.241573945752,-259.9849306451644
552,552.0,604.086086767472,-360.2342194932465
553,553.0,661.9317060007564,-319.42772412202095
554,554.0,659.425215608466,-408.10889848443463
555,555.0,604.086086767472,-488.1246799674409
556,556.0,604.086086767472,-379.4592870880335
557,557.0,659.241573945752,-260.2342194932465
558,558.0,659.241573945752,-250.62168569585305
559,559.0,659.3297995571133,-252.4422073127349
560,560.0,604.086086767472,-362.05474111012836
561,561.0,661.8401926303361,-316.84685893774554
562,562.0,604.086086767472,-416.84685893774554
563,563.0,659.3297995571133,-262.05474111012836
564,564.0,604.086086767472,-362.05474111012836
565,565.0,604.086086767472,-379.4592870880335
566,566.0,604.086086767472,-379.4592870880335
567,567.0,661.8401926303361,-316.84685893774554
568,568.0,661.9317060007564,-338.121510046877
569,569.0,604.086086767472,-419.42772412202095
570,570.0,600.3238284248247,-334.8921120440246
571,571.0,604.086086767472,-334.89211204402466
572,572.0,604.086086767472,-334.89211204402466
573,573.0,604.086086767472,-379.4592870880335
574,574.0,604.086086767472,-379.4592870880335
575,575.0,604.086086767472,-379.4592870880335
576,576.0,661.9317060007564,-319.42772412202095
577,577.0,604.086086767472,-419.42772412202095
578,578.0,659.3297995571133,-262.05474111012836
579,579.0,604.086086767472,-362.05474111012836
580,580.0,604.086086767472,-379.4592870880335
581,581.0,604.086086767472,-379.4592870880335
582,582.0,604.0664726470072,-379.2099982399513
583,583.0,659.241573945752,-259.9849306451644
584,584.0,659.3297995571133,-252.4422073127349
585,585.0,661.9317060007564,-310.7254511330684
586,586.0,604.086086767472,-419.42772412202095
587,587.0,659.2488990259567,-263.63020050410233
588,588.0,604.086086767472,-363.63020050410233
589,589.0,661.921898940524,-319.30307969797985
590,590.0,659.2488990259567,-283.365130173014
591,591.0,661.8401926303361,-308.93231564578
592,592.0,604.086086767472,-416.84685893774554
593,593.0,661.8401926303361,-316.84685893774554
594,594.0,659.3297995571133,-280.74852703498436
595,595.0,604.086086767472,-362.05474111012836
596,596.0,661.9317060007564,-319.42772412202095
597,597.0,661.9317060007564,-339.4119426390147
598,598.0,604.086086767472,-419.42772412202095
599,599.0,604.086086767472,-379.4592870880335
600,600.0,604.086086767472,-379.4592870880335
601,601.0,604.086086767472,-379.4592870880335
602,602.0,661.8401926303361,-316.84685893774554
603,603.0,659.3297995571133,-280.74852703498436
604,604.0,659.3297995571133,-253.3524681211758
605,605.0,661.8401926303361,-308.14458594879295
606,606.0,661.9317060007564,-338.121510046877
607,607.0,662.0754309531343,-584.3188339646294
608,608.0,604.086086767472,-664.3346154476358
609,609.0,604.0664726470072,-379.2099982399513
610,610.0,604.086086767472,-379.2099982399513
611,611.0,661.9317060007564,-319.30307969797985
612,612.0,604.086086767472,-419.42772412202095
613,613.0,604.086086767472,-379.4592870880335
614,614.0,604.086086767472,-379.4592870880335
615,615.0,661.8401926303361,-316.84685893774554
616,616.0,604.086086767472,-416.84685893774554
617,617.0,604.086086767472,-379.4592870880335
618,618.0,600.3238284248247,-334.8921120440246
619,619.0,604.086086767472,-334.89211204402466
620,620.0,661.8401926303361,-294.56327141574116
621,621.0,604.086086767472,-416.84685893774554
622,622.0,604.086086767472,-379.4592870880335
623,623.0,604.086086767472,-379.4592870880335
624,624.0,604.0664726470072,-379.2099982399513
625,625.0,604.086086767472,-379.2099982399513
626,626.0,604.086086767472,-379.2099982399513
627,627.0,659.3297995571133,-262.05474111012836
628,628.0,659.3297995571133,-253.3524681211758
629,629.0,661.921898940524,-310.6008067090273
630,630.0,659.3297995571133,-281.78967077903997
631,631.0,661.7528129871141,-310.2631451927267
632,632.0,659.3297995571133,-281.98835284349263
633,633.0,604.086086767472,-362.2352872966697
634,634.0,604.086086767472,-379.4592870880335
635,635.0,604.086086767472,-379.4592870880335
636,636.0,659.3830471270275,-260.89474684849137
637,637.0,662.0391700723312,-309.8185108008552
638,638.0,604.086086767472,-419.1007809206263
639,639.0,659.4545822616851,-261.45833324296154
640,640.0,659.4545822616851,-252.45785632042566
641,641.0,604.086086767472,-361.45833324296154
642,642.0,604.086086767472,-379.4592870880335
643,643.0,662.0590599421496,-318.78995942450365
644,644.0,600.3238284248247,-374.2227843804949
645,645.0,662.0590599421496,-274.2227843804949
646,646.0,659.4348783713413,-281.51221516638117
647,647.0,661.9853869890784,-309.09915072241654
648,648.0,662.0112270813755,-336.8117233378754
649,649.0,662.0112270813755,-336.6533907033012
650,650.0,662.0391700723312,-338.3672937900547
651,651.0,659.4348783713413,-281.76853174661204
652,652.0,604.0664726470072,-361.5975901500639
653,653.0,662.0391700723312,-319.2551154012224
654,654.0,662.826087748228,-408.49001378367177
655,655.0,659.4348783713413,-282.92558177264084
656,656.0,659.4447752014528,-252.70804310480005
657,657.0,659.4560515857384,-252.94372820772807
658,658.0,659.4560515857384,-253.42517867538515
659,659.0,662.061077174797,-311.01938791743373
660,660.0,662.0590599421496,-339.1106857894139
661,661.0,662.0590599421496,-338.75778241489184
662,662.0,662.0590599421496,-338.75778241489184
663,663.0,664.7272980809458,-429.89792000789566
664,664.0,664.7272980809458,-475.4679888043977
665,665.0,662.0391700723312,-384.63882649042023
666,666.0,662.0590599421496,-338.913270054405
667,667.0,662.0590599421496,-338.75778241489184
668,668.0,662.0293630120989,-338.9441132698771
669,669.0,661.975579928846,-337.453074243703
670,670.0,664.6513752124645,-427.08776944779913
671,671.0,664.7072169195517,-475.07841140913274
672,672.0,661.975579928846,-383.6277853792692
673,673.0,604.086086767472,-417.8572631367245
674,674.0,661.9853869890784,-317.98190756076553
675,675.0,661.9853869890784,-337.4301844331932
676,676.0,661.9853869890784,-337.4301844331932
677,677.0,600.3238284248247,-373.53937694079787
678,678.0,661.9853869890784,-273.33817972335146
679,679.0,661.9317060007564,-338.44909799088896
680,680.0,661.9317060007564,-339.1094526828217
681,681.0,659.3297995571133,-281.7575834551831
682,682.0,604.0664726470072,-361.6249060755049
683,683.0,604.0664726470072,-378.9607093918691
684,684.0,664.5874413736225,-409.8999378591605
685,685.0,660.1042578177547,-361.04328984836576
686,686.0,664.6513752124645,-383.1138897147289
687,687.0,664.6513752124645,-472.80650492150994
688,688.0,664.6513752124645,-472.80650492150994
689,689.0,664.6513752124645,-472.80650492150994
690,690.0,661.9853869890784,-382.55562459596547
691,691.0,659.3830471270275,-280.3986895893157
692,692.0,659.3297995571133,-252.8626261365762
693,693.0,604.086086767472,-362.05474111012836
694,694.0,604.086086767472,-379.4592870880335
695,695.0,604.086086767472,-379.4592870880335
696,696.0,604.086086767472,-379.4592870880335
697,697.0,604.086086767472,-379.4592870880335
698,698.0,604.086086767472,-379.4592870880335
699,699.0,604.086086767472,-379.4592870880335
700,700.0,604.086086767472,-379.4592870880335
701,701.0,604.086086767472,-379.4592870880335
702,702.0,604.086086767472,-379.4592870880335
703,703.0,659.5161722747448,-392.14401352949835
704,704.0,604.086086767472,-492.14401352949835
705,705.0,604.086086767472,-379.4592870880335
706,706.0,662.0754309531343,-564.9951182273697
707,707.0,604.086086767472,-664.9951182273697
708,708.0,604.086086767472,-379.4592870880335
709,709.0,604.086086767472,-379.4592870880335
710,710.0,604.0664726470072,-379.2099982399513
711,711.0,600.3238284248247,-334.6428231959425
712,712.0,604.086086767472,-334.64282319594247
713,713.0,604.086086767472,-334.89211204402466
714,714.0,604.086086767472,-379.4592870880335
715,715.0,604.0664726470072,-379.2099982399513
716,716.0,604.086086767472,-379.2099982399513
717,717.0,604.086086767472,-379.2099982399513
718,718.0,659.3297995571133,-262.05474111012836
719,719.0,604.086086767472,-362.05474111012836
720,720.0,604.086086767472,-379.4592870880335
721,721.0,604.086086767472,-379.4592870880335
722,722.0,604.086086767472,-379.4592870880335
723,723.0,604.086086767472,-379.4592870880335
724,724.0,662.1698380952726,-576.7581435770544
725,725.0,604.086086767472,-676.7581435770544
726,726.0,659.3297995571133,-262.05474111012836
727,727.0,604.086086767472,-362.05474111012836
728,728.0,604.086086767472,-379.4592870880335
729,729.0,600.3238284248247,-334.8921120440246
730,730.0,604.086086767472,-334.89211204402466
731,731.0,604.086086767472,-334.89211204402466
732,732.0,662.0754309531343,-564.3346154476358
733,733.0,659.3297995571133,-404.49240528992954
734,734.0,659.2390919657244,-254.80328309110877
735,735.0,659.3297995571133,-253.8909089700807
736,736.0,659.2390919657244,-254.80328309110877
737,737.0,604.0664726470072,-363.13162280793813
738,738.0,600.6941377653029,-435.5700950565836
739,739.0,604.086086767472,-435.8193839046658
740,740.0,604.086086767472,-436.068672752748
741,741.0,604.086086767472,-379.4592870880335
742,742.0,604.086086767472,-379.4592870880335
743,743.0,604.086086767472,-379.4592870880335
744,744.0,600.3048561906662,-334.74981958101824
745,745.0,604.086086767472,-334.74981958101824
746,746.0,659.2488990259567,-241.27546675059477
747,747.0,659.3297995571133,-254.14019781816285
748,748.0,604.086086767472,-362.05474111012836
749,749.0,604.086086767472,-379.4592870880335
750,750.0,604.086086767472,-379.4592870880335
751,751.0,659.5161722747448,-392.14401352949835
752,752.0,604.086086767472,-492.14401352949835
753,753.0,604.0664726470072,-379.2099982399513
754,754.0,604.086086767472,-379.2099982399513
755,755.0,604.086086767472,-379.2099982399513
756,756.0,661.9317060007564,-319.42772412202095
757,757.0,604.086086767472,-419.42772412202095
758,758.0,600.3238284248247,-334.8921120440246
759,759.0,604.086086767472,-334.89211204402466
760,760.0,604.0664726470072,-334.6428231959425
761,761.0,604.086086767472,-379.2099982399513
762,762.0,604.086086767472,-379.2099982399513
763,763.0,661.921898940524,-319.30307969797985
764,764.0,604.086086767472,-419.17843527393876
765,765.0,604.086086767472,-379.2099982399513
766,766.0,604.086086767472,-379.4592870880335
767,767.0,604.086086767472,-379.4592870880335
768,768.0,604.0664726470072,-379.2099982399513
769,769.0,604.086086767472,-379.2099982399513
770,770.0,604.086086767472,-379.2099982399513
771,771.0,604.086086767472,-379.4592870880335
772,772.0,659.3297995571133,-262.05474111012836
773,773.0,604.086086767472,-362.05474111012836
774,774.0,659.3297995571133,-262.05474111012836
775,775.0,659.3297995571133,-253.3524681211758
776,776.0,659.3297995571133,-253.3524681211758
777,777.0,604.086086767472,-362.05474111012836
778,778.0,661.8401926303361,-316.84685893774554
779,779.0,661.9317060007564,-338.121510046877
780,780.0,604.0664726470072,-419.17843527393876
781,781.0,604.086086767472,-379.2099982399513
782,782.0,604.086086767472,-379.2099982399513
783,783.0,661.9317060007564,-319.42772412202095
784,784.0,604.086086767472,-419.42772412202095
785,785.0,604.0664726470072,-379.2099982399513
786,786.0,604.086086767472,-379.2099982399513
787,787.0,604.0664726470072,-378.9607093918691
788,788.0,604.086086767472,-379.2099982399513
789,789.0,604.086086767472,-379.2099982399513
790,790.0,661.9317060007564,-319.42772412202095
791,791.0,659.3297995571133,-282.03895962712215
792,792.0,604.086086767472,-362.05474111012836
793,793.0,604.086086767472,-379.4592870880335
794,794.0,604.086086767472,-379.4592870880335
795,795.0,604.0664726470072,-379.2099982399513
796,796.0,604.086086767472,-379.2099982399513
797,797.0,600.3238284248247,-334.6428231959425
798,798.0,600.3048561906662,-290.1826445370095
799,799.0,600.3238284248247,-245.61546949300063
800,800.0,600.3238284248247,-245.61546949300063
801,801.0,604.086086767472,-290.32493700001584
802,802.0,661.9317060007564,-297.14413660001657
803,803.0,604.086086767472,-419.42772412202095
804,804.0,604.086086767472,-379.4592870880335
805,805.0,659.2488990259567,-263.63020050410233
806,806.0,604.086086767472,-363.63020050410233
807,807.0,659.5161722747448,-392.14401352949835
808,808.0,604.086086767472,-492.14401352949835
809,809.0,604.086086767472,-379.4592870880335
810,810.0,604.086086767472,-379.4592870880335
811,811.0,659.0304132980859,-259.4796644770999
812,812.0,662.0112270813755,-307.39782695962697
813,813.0,661.9166141493722,-240.17367692029885
814,814.0,662.0112270813755,-288.0616941538432
815,815.0,664.5329949733082,-285.87362758966515
816,816.0,661.9081713129722,-215.16057180763474
817,817.0,659.4465401234681,-232.44237417787548
818,818.0,662.075012838772,-310.00184145169317
819,819.0,659.4447752014528,-280.91937832931296
820,820.0,659.4545822616851,-251.93772997610864
821,821.0,659.4545822616851,-252.1870188241908
822,822.0,664.7438953634027,-401.3700567857111
823,823.0,659.4348783713413,-327.1670068772918
824,824.0,662.0391700723312,-310.20425936884914
825,825.0,662.0391700723312,-338.9215278369227
826,826.0,659.4348783713413,-281.4869909007756
827,827.0,661.9914326730302,-311.52544713963147
828,828.0,661.9914326730302,-340.9033094930962
829,829.0,661.9914326730302,-340.9033094930962
830,830.0,664.6591608601043,-433.26528030372043
831,831.0,662.0192899979747,-387.47245294524294
832,832.0,659.4560515857384,-282.7786346380395
833,833.0,604.086086767472,-362.1032148129346
834,834.0,604.086086767472,-379.4592870880335
835,835.0,659.3874507852668,-262.82770239805376
836,836.0,604.086086767472,-362.82770239805376
837,837.0,659.5754655286107,-394.15720251545963
838,838.0,604.086086767472,-494.15720251545963
839,839.0,604.086086767472,-379.4592870880335
840,840.0,604.086086767472,-379.4592870880335
841,841.0,661.9914326730302,-320.624255301633
842,842.0,661.9914326730302,-341.2067394084328
843,843.0,604.086086767472,-420.624255301633
844,844.0,662.2313047312343,-583.7675017016765
845,845.0,657.5063216139431,-392.69822218287095
846,846.0,661.9914326730302,-267.7412879126344
847,847.0,659.6433013389101,-413.427545996523
848,848.0,659.4560515857384,-318.7961022137795
849,849.0,662.0391700723312,-310.624556447416
850,850.0,661.9914326730302,-340.3436214398746
851,851.0,661.9914326730302,-340.9033094930962
852,852.0,659.4144503883906,-283.3827285065868
853,853.0,661.9914326730302,-312.1430189998415
854,854.0,655.663044666579,-244.76965993528066
855,855.0,661.9914326730302,-235.29873227683936
856,856.0,661.9914326730302,-340.9033094930962
857,857.0,659.3874507852668,-283.12816156018
858,858.0,661.9914326730302,-312.01573552663814
859,859.0,659.3874507852668,-283.12816156018
860,860.0,659.3874507852668,-254.240587593722
861,861.0,660.1580409010076,-288.61277189819054
862,862.0,661.9853869890784,-293.0586352543711
863,863.0,661.9914326730302,-339.5444039223488
864,864.0,662.0391700723312,-339.783933386653
865,865.0,662.0391700723312,-339.22424533343144
866,866.0,660.1580409010076,-316.94065781142706
867,867.0,662.826087748228,-363.82193290749336
868,868.0,662.0391700723312,-340.38129535946024
869,869.0,662.0391700723312,-339.22424533343144
870,870.0,661.9914326730302,-340.3436214398746
871,871.0,662.0391700723312,-339.783933386653
872,872.0,662.0391700723312,-339.22424533343144
873,873.0,662.0391700723312,-339.22424533343144
874,874.0,662.0391700723312,-339.22424533343144
875,875.0,662.0391700723312,-339.22424533343144
876,876.0,659.6215802159188,-412.1085210795482
877,877.0,659.4348783713413,-318.21066961967045
878,878.0,662.0391700723312,-310.4963885400217
879,879.0,659.4348783713413,-281.76853174661204
880,880.0,662.0391700723312,-310.4963885400217
881,881.0,604.086086767472,-419.30259258496545
882,882.0,662.0391700723312,-319.30259258496545
883,883.0,662.0293630120989,-339.09960090939035
884,884.0,659.3874507852668,-282.31918465887634
885,885.0,600.3238284248247,-318.07964571448366
886,886.0,664.7072169195517,-366.1838676810318
887,887.0,662.0391700723312,-384.94847040346906
888,888.0,662.0391700723312,-339.22424533343144
889,889.0,664.7072169195517,-430.67269547350656
890,890.0,604.086086767472,-510.7510427250406
891,891.0,662.0391700723312,-319.30259258496545
892,892.0,604.086086767472,-419.30259258496545
893,893.0,662.0391700723312,-319.30259258496545
894,894.0,662.0391700723312,-339.22424533343144
895,895.0,604.086086767472,-419.30259258496545
896,896.0,662.0391700723312,-319.30259258496545
897,897.0,661.9853869890784,-337.82700751582627
898,898.0,664.7072169195517,-429.974076564704
899,899.0,659.4348783713413,-327.4927568166496
900,900.0,662.0391700723312,-310.4963885400217
901,901.0,662.0391700723312,-339.22424533343144
902,902.0,662.0391700723312,-339.22424533343144
903,903.0,662.0391700723312,-339.22424533343144
904,904.0,659.3830471270275,-280.81639959695735
905,905.0,659.3830471270275,-251.6124767287203
906,906.0,664.6513752124645,-398.83175433644675
907,907.0,664.5972484338549,-474.72588423941704
908,908.0,661.9853869890784,-383.3749690010059
909,909.0,604.086086767472,-417.9053547673602
910,910.0,661.9853869890784,-317.9053547673602
911,911.0,604.086086767472,-417.9053547673602
912,912.0,664.6513752124645,-408.1140244562178
913,913.0,664.6513752124645,-472.4413931403101
914,914.0,659.3830471270275,-325.22211553258353
915,915.0,662.0293630120989,-309.8956780411533
916,916.0,662.0293630120989,-338.85031206130816
917,917.0,662.0391700723312,-338.97495648534925
918,918.0,664.7072169195517,-430.67269547350656
919,919.0,662.0391700723312,-384.94847040346906
920,920.0,664.7298959196462,-431.45153269870593
921,921.0,661.9914326730302,-386.4572651225119
922,922.0,662.0391700723312,-339.783933386653
923,923.0,662.0391700723312,-339.22424533343144
924,924.0,604.0664726470072,-419.05330373688327
925,925.0,662.0391700723312,-319.05330373688327
926,926.0,664.6513752124645,-427.79226935055055
927,927.0,662.0391700723312,-383.508257341991
928,928.0,662.0391700723312,-339.22424533343144
929,929.0,604.086086767472,-419.30259258496545
930,930.0,662.0391700723312,-319.30259258496545
931,931.0,659.4348783713413,-281.76853174661204
932,932.0,662.0391700723312,-310.4963885400217
933,933.0,659.6117731556865,-411.9838766555072
934,934.0,662.0391700723312,-375.41709435840767
935,935.0,664.6974098593194,-430.5480510494655
936,936.0,664.7072169195517,-476.147631695462
937,937.0,662.2777292317688,-643.5232061857607
938,938.0,604.086086767472,-677.8773283672572
939,939.0,604.086086767472,-379.4592870880335
940,940.0,604.086086767472,-379.4592870880335
941,941.0,661.975579928846,-317.78071034331913
942,942.0,604.086086767472,-417.6560659192781
943,943.0,604.086086767472,-379.2099982399513
944,944.0,604.086086767472,-379.4592870880335
945,945.0,659.3297995571133,-262.05474111012836
946,946.0,657.4391842687105,-230.9977343676682
947,947.0,604.086086767472,-317.3452736031131
948,948.0,659.1450668223958,-239.32045804178955
949,949.0,604.086086767472,-361.550547371256
950,950.0,604.086086767472,-379.2099982399513
951,951.0,659.2390919657244,-263.5055560800613
952,952.0,604.086086767472,-363.38091165602026
953,953.0,657.4486703857897,-239.64650916408286
954,954.0,604.0664726470072,-317.2382772180374
955,955.0,604.086086767472,-334.64282319594247
956,956.0,655.7694099275037,-257.3234162164372
957,957.0,659.3297995571133,-244.1391071818756
958,958.0,659.2317668855196,-251.40730208025292
959,959.0,655.7694099275037,-247.58623799500265
960,960.0,659.2488990259567,-245.7145665758497
961,961.0,659.241573945752,-252.31967620128097
962,962.0,604.086086767472,-360.2342194932465
963,963.0,659.319992496881,-261.93009668608727
964,964.0,659.3297995571133,-253.1031792730937
965,965.0,604.086086767472,-362.05474111012836
966,966.0,604.086086767472,-379.4592870880335
967,967.0,659.2488990259567,-263.63020050410233
968,968.0,659.241573945752,-252.31967620128097
969,969.0,659.2488990259567,-254.0176667067089
970,970.0,604.086086767472,-363.63020050410233
971,971.0,657.4486703857897,-239.77115358812395
972,972.0,604.086086767472,-317.48756606611954
973,973.0,604.086086767472,-334.89211204402466
974,974.0,596.9653075082526,-370.2459261487332
975,975.0,659.319992496881,-252.7167357467871
976,976.0,604.0664726470072,-361.55616341396404
977,977.0,659.5161722747448,-391.77008025737507
978,978.0,604.0664726470072,-491.89472468141616
979,979.0,604.086086767472,-379.2099982399513
980,980.0,604.0664726470072,-378.9607093918691
981,981.0,604.0664726470072,-378.7617658364001
982,982.0,604.0664726470072,-378.5124769883179
983,983.0,604.0664726470072,-378.3135334328488
984,984.0,604.0664726470072,-378.5124769883179
985,985.0,661.9317060007564,-318.9543190721631
986,986.0,657.3509586573491,-257.7771733447133
987,987.0,604.086086767472,-315.1525296351153
988,988.0,657.625556986342,-347.1488545833864
989,989.0,600.3238284248247,-402.69419219804405
990,990.0,604.086086767472,-290.0094657565792
991,991.0,664.5022687045042,-383.6114589916931
992,992.0,661.8401926303361,-380.1080333456851
993,993.0,604.0664726470072,-416.59757008966335
994,994.0,659.9590634590124,-294.31398256765897
995,995.0,660.0505768294328,-271.27074748086375
996,996.0,659.2488990259567,-239.04724397708736
997,997.0,600.3238284248247,-319.06302546009357
998,998.0,659.9590634590124,-249.99609637173236
999,999.0,604.086086767472,-372.2796838937367
1000,1000.0,662.6211395331806,-361.4144608599038
1001,1001.0,664.5022687045042,-424.6756352678434
1002,1002.0,600.3238284248247,-461.4144608599038
1003,1003.0,604.086086767472,-334.89211204402466
1004,1004.0,604.086086767472,-334.89211204402466
1005,1005.0,659.241573945752,-260.2342194932465
1006,1006.0,604.086086767472,-360.2342194932465
1007,1007.0,600.3078090155437,-334.9783657143311
1008,1008.0,600.3048561906662,-290.26889820731594
1009,1009.0,600.3078090155437,-245.78797683361367
1010,1010.0,600.3238284248247,-245.70172316330718
1011,1011.0,600.3238284248247,-245.84401562631356
1012,1012.0,600.3238284248247,-245.7577619560071
1013,1013.0,600.2957939215918,-245.69337783734522
1014,1014.0,659.9495773419333,-227.57697849956293
1015,1015.0,600.3238284248247,-327.57021638672154
1016,1016.0,596.6372745300964,-213.4656412872107
1017,1017.0,600.3238284248247,-213.6079337502171
1018,1018.0,662.6116534161013,-300.7012254814968
1019,1019.0,659.9495773419333,-313.0438320851623
1020,1020.0,659.9495773419333,-268.4764436020788
1021,1021.0,600.3238284248247,-327.57021638672154
1022,1022.0,600.3238284248247,-245.61546949300063
1023,1023.0,600.3238284248247,-245.7577619560071
1024,1024.0,600.3238284248247,-245.7577619560071
1025,1025.0,660.7686828932008,-300.7251430724849
1026,1026.0,659.9590634590124,-281.01298529285174
