,t,x,y
0,0.0,383.20256778172165,-67.74795632563394
1,1.0,383.46873628034905,-32.778147800851684
2,2.0,381.7805768406978,-24.882544917009177
3,3.0,382.63408123632803,-24.741202782959377
4,4.0,384.0672447922031,-35.169771914676545
5,5.0,382.63408123632803,-28.70170657266837
6,6.0,382.3496901722186,-18.0744330027565
7,7.0,383.20256778172165,-17.57936007912302
8,8.0,382.63408123632803,-24.259159496964116
9,9.0,384.0672447922031,-35.169771914676545
10,10.0,384.0672447922031,-35.01212368649155
11,11.0,382.63408123632803,-28.70170657266837
12,12.0,382.35623037523163,-18.651123187742378
13,13.0,384.34548026603204,-38.68290735166642
14,14.0,381.79130904318333,-29.85330900188469
15,15.0,381.73829898862215,-16.04575707640312
16,16.0,383.486521647427,-33.1791955405326
17,17.0,382.3661532891139,-22.519486457154784
18,18.0,383.2196576847442,-17.76575559756877
19,19.0,382.3367581087807,-13.404788186957198
20,20.0,383.1967023160327,-17.79369888621624
21,21.0,382.3367581087807,-13.479680302617204
22,22.0,384.0849807675856,-26.55893988832669
23,23.0,384.1225369350803,-35.601467550969794
24,24.0,384.09791283102345,-35.48867365408264
25,25.0,384.0849807675856,-35.30369928666676
26,26.0,384.0849807675856,-35.25557897298094
27,27.0,384.09791283102345,-35.279639129823856
28,28.0,384.0849807675856,-35.30369928666676
29,29.0,383.1896357182838,-26.07254556418397
30,30.0,384.0849807675856,-30.664062268582455
31,31.0,384.0849807675856,-35.25557897298094
32,32.0,382.3367581087807,-17.862300803672433
33,33.0,384.0849807675856,-26.55893988832669
34,34.0,383.2196576847442,-26.340553739550472
35,35.0,384.0849807675856,-30.798066356265707
36,36.0,382.59117659812523,-28.2792974482526
37,37.0,384.0849807675856,-35.07756603671971
38,38.0,384.0849807675856,-35.25557897298094
39,39.0,384.0849807675856,-35.25557897298094
40,40.0,384.9623908914651,-45.01446982928683
41,41.0,382.3367581087807,-22.741746231825367
42,42.0,382.56327982111077,-15.156587842852005
43,43.0,384.0849807675856,-25.823412732177275
44,44.0,384.0849807675856,-35.25557897298094
45,45.0,384.0849807675856,-35.25557897298094
46,46.0,383.20256778172165,-26.096605721026883
47,47.0,383.2196576847442,-21.797157348837807
48,48.0,383.2196576847442,-21.883041122835238
49,49.0,383.44131160128893,-28.332448555431483
50,50.0,382.3367581087807,-12.931065202003964
51,51.0,383.2196576847442,-17.64391465489622
52,52.0,382.3367581087807,-13.404788186957198
53,53.0,383.1967023160327,-17.79369888621624
54,54.0,383.1896357182838,-21.68992506312874
55,55.0,383.2196576847442,-21.749037035151986
56,56.0,383.2196576847442,-21.883041122835238
57,57.0,382.56327982111077,-19.39571431079102
58,58.0,381.49542054579274,-0.7700106010874705
59,59.0,383.1896357182838,-13.545844498639056
60,60.0,384.0849807675856,-30.664062268582455
61,61.0,383.1967023160327,-26.490337970870492
62,62.0,383.232589748182,-21.981993395338158
63,63.0,383.42860290395214,-28.358859857907312
64,64.0,383.2196576847442,-21.36590011546204
65,65.0,383.1655661884334,-21.764148422643068
66,66.0,382.63408123632803,-24.055726894188332
67,67.0,383.1896357182838,-26.07929719036708
68,68.0,383.42860290395214,-28.17673545653824
69,69.0,383.2196576847442,-21.36590011546204
70,70.0,382.3367581087807,-13.404788186957198
71,71.0,383.2196576847442,-17.64391465489622
72,72.0,384.0849807675856,-30.798066356265707
73,73.0,384.0619233775136,-35.4176532446313
74,74.0,383.2196576847442,-26.421590875375657
75,75.0,384.0849807675856,-30.798066356265707
76,76.0,384.0849807675856,-35.25557897298094
77,77.0,384.0849807675856,-35.25557897298094
78,78.0,383.1896357182838,-26.07254556418397
79,79.0,384.0675650087313,-30.70845129408847
80,80.0,383.232589748182,-26.45339194740542
81,81.0,382.3661532891139,-13.696590385988117
82,82.0,382.3432983117938,-9.671426618791905
83,83.0,383.42860290395214,-24.263575054833055
84,84.0,382.3496901722186,-12.911707336426915
85,85.0,383.2196576847442,-17.692034968582043
86,86.0,382.56327982111077,-19.39571431079102
87,87.0,381.73829898862215,-10.636886446937403
88,88.0,384.0849807675856,-30.97244365646396
89,89.0,382.3367581087807,-17.862300803672433
90,90.0,383.1967023160327,-17.79369888621624
91,91.0,383.42860290395214,-28.385631659881497
92,92.0,384.05431272876524,-29.982986091504046
93,93.0,382.54032445239926,-23.854041530132044
94,94.0,383.2196576847442,-16.98327961440681
95,95.0,383.2196576847442,-21.883041122835238
96,96.0,382.3367581087807,-13.404788186957198
97,97.0,382.6211985645856,-19.850666538964852
98,98.0,384.0849807675856,-35.21157012440296
99,99.0,381.49542054579274,-10.202176841891138
100,100.0,382.56327982111077,-11.326525861961343
101,101.0,383.1967023160327,-17.058171730066825
102,102.0,383.2096343794706,-22.131777626658184
103,103.0,384.0619233775136,-31.083153057261896
104,104.0,383.2196576847442,-26.421590875375657
105,105.0,384.0619233775136,-30.96014062791607
106,106.0,382.3367581087807,-17.943337939497603
107,107.0,382.3367581087807,-9.165661719018168
108,108.0,383.1896357182838,-17.375906479529718
109,109.0,384.0849807675856,-30.664062268582455
110,110.0,383.2196576847442,-26.340553739550472
111,111.0,384.05431272876524,-30.500127098877243
112,112.0,384.0849807675856,-35.10660934428671
113,113.0,384.03012765008634,-35.119021206826844
114,114.0,382.3367581087807,-17.794021920595377
115,115.0,384.09791283102345,-26.583000045169605
116,116.0,384.0849807675856,-35.30369928666676
117,117.0,384.0619233775136,-35.4176532446313
118,118.0,384.0849807675856,-35.336616108806126
119,119.0,382.3661532891139,-18.10598268901753
120,120.0,382.3661532891139,-9.531184547035814
121,121.0,384.0619233775136,-26.842855102649587
122,122.0,383.2196576847442,-26.421590875375657
123,123.0,384.0849807675856,-30.798066356265707
124,124.0,383.1967023160327,-26.490337970870492
125,125.0,382.3193423499264,-13.524069328123225
126,126.0,381.49542054579274,-1.5943158082489077
127,127.0,384.0849807675856,-22.72887790743603
128,128.0,382.3367581087807,-17.862300803672433
129,129.0,383.232589748182,-17.667974811739136
130,130.0,383.42860290395214,-28.358859857907312
131,131.0,382.3496901722186,-12.911707336426915
132,132.0,383.232589748182,-17.71609512542495
133,133.0,382.3367581087807,-13.45290850064302
134,134.0,383.2196576847442,-17.64391465489622
135,135.0,383.1967023160327,-22.032825354155257
136,136.0,381.5014512999677,-6.1761049659517155
137,137.0,382.31280228225984,-5.653475432243887
138,138.0,383.1967023160327,-17.863499576995473
139,139.0,384.9623908914651,-40.63184932823162
140,140.0,383.2196576847442,-31.21999916770342
141,141.0,383.1967023160327,-22.032825354155257
142,142.0,384.0619233775136,-31.035032743576075
143,143.0,382.56327982111077,-23.93426406333144
144,144.0,384.09791283102345,-25.84747288902019
145,145.0,383.1967023160327,-26.53845828455632
146,146.0,383.2196576847442,-21.957933238495244
147,147.0,383.2196576847442,-21.883041122835238
148,148.0,383.2096343794706,-22.056885510998164
149,149.0,382.3367581087807,-13.527800616303026
150,150.0,382.31280228225984,-9.305263100576632
151,151.0,382.53325785465034,-14.958380358264733
152,152.0,383.1896357182838,-16.50637523569705
153,153.0,383.2196576847442,-21.749037035151986
154,154.0,383.2196576847442,-21.883041122835238
155,155.0,384.09791283102345,-30.82212651310862
156,156.0,384.9392298168498,-45.24056529251998
157,157.0,382.3367581087807,-22.830733806599035
158,158.0,382.56327982111077,-15.156587842852005
159,159.0,383.1967023160327,-17.058171730066825
160,160.0,383.1967023160327,-22.107717469815277
161,161.0,383.2096343794706,-22.131777626658184
162,162.0,383.1967023160327,-22.15583778350109
163,163.0,384.0675650087313,-30.917347497431727
164,164.0,382.3367581087807,-17.95107885468446
165,165.0,381.693088942484,-6.700043918183944
166,166.0,384.0849807675856,-21.627704286658222
167,167.0,383.232589748182,-26.364613896393386
168,168.0,382.3367581087807,-13.45290850064302
169,169.0,381.6564244186264,-6.817936288532415
170,170.0,383.2196576847442,-12.73906172158702
171,171.0,383.2196576847442,-21.883041122835238
172,172.0,383.1967023160327,-22.032825354155257
173,173.0,382.3367581087807,-13.479680302617204
174,174.0,382.56327982111077,-15.156587842852005
175,175.0,383.1967023160327,-17.058171730066825
176,176.0,381.68038024514726,-10.992353490572988
177,177.0,382.56327982111077,-10.181934218763573
178,178.0,381.68038024514726,-5.942807750824549
179,179.0,383.2196576847442,-12.669261030807789
180,180.0,382.3367581087807,-13.404788186957198
181,181.0,383.1967023160327,-17.79369888621624
182,182.0,383.40554551388016,-28.54770593153186
183,183.0,382.36240198085295,-13.280527137902638
184,184.0,381.73829898862215,-11.630576420056101
185,185.0,382.3193423499264,-13.62355451266145
186,186.0,382.59824319587415,-20.089228821296906
187,187.0,382.3367581087807,-17.893184070754472
188,188.0,383.2196576847442,-17.64391465489622
189,189.0,383.2022419258899,-21.92743014834125
190,190.0,382.3367581087807,-13.493566237969226
191,191.0,382.3367581087807,-9.165661719018168
192,192.0,382.54032445239926,-15.306372074172025
193,193.0,381.73829898862215,-10.71177856259741
194,194.0,384.0581720692526,-31.202678865262683
195,195.0,382.3367581087807,-18.07965981379435
196,196.0,381.73829898862215,-11.372413603086798
197,197.0,382.59824319587415,-24.41395453842214
198,198.0,381.7511816603645,-20.125316192203655
199,199.0,381.73829898862215,-15.836677845985164
200,200.0,383.486521647427,-33.1791955405326
201,201.0,382.59824319587415,-33.110593623076404
202,202.0,381.7143431621013,-20.239537336381574
203,203.0,380.8969614256342,-8.19559410022201
204,204.0,381.73829898862215,-11.955855390333426
205,205.0,382.6211985645856,-24.264170307102127
206,206.0,382.6211985645856,-28.50329677504113
207,207.0,382.6211985645856,-28.50329677504113
208,208.0,383.486521647427,-37.4183220084716
209,209.0,381.73829898862215,-24.482556455878324
210,210.0,381.76769416895536,-16.02959925656917
211,211.0,382.6176839381234,-24.45572659463479
212,212.0,380.8860001653801,-12.661973362697317
213,213.0,383.49940431916946,-29.49139555089092
214,214.0,380.9386310350286,-17.122268089619347
215,215.0,382.6211985645856,-20.5967162426629
216,216.0,381.73829898862215,-20.02504383916309
217,217.0,382.59117659812523,-23.996162131735623
218,218.0,381.73829898862215,-19.891039751479838
219,219.0,382.60407645369185,-24.30881327267847
220,220.0,381.73829898862215,-20.1143297703158
221,221.0,382.6211985645856,-24.264170307102127
222,222.0,381.73478436215987,-20.094759184023225
223,223.0,381.72117687772834,-15.969991026520681
224,224.0,383.463464257355,-33.43055574333563
225,225.0,381.76769416895536,-24.807275477048606
226,226.0,382.6211985645856,-24.38601124977466
227,227.0,382.6211985645856,-28.50329677504113
228,228.0,382.59824319587415,-28.65308100636117
229,229.0,381.76769416895536,-20.343617840168207
230,230.0,381.73829898862215,-15.907758313896622
231,231.0,382.6211985645856,-24.264170307102127
232,232.0,382.6211985645856,-28.50329677504113
233,233.0,382.6211985645856,-28.50329677504113
234,234.0,381.76769416895536,-20.268725724508187
235,235.0,382.6211985645856,-24.38601124977466
236,236.0,382.6211985645856,-28.50329677504113
237,237.0,382.3367581087807,-17.818291955094452
238,238.0,381.7695561130504,-12.032919443176716
239,239.0,383.486521647427,-33.50944846057754
240,240.0,383.2196576847442,-30.754057507687726
241,241.0,381.0833602914362,-13.04587873355024
242,242.0,381.7511816603645,-10.679974933653419
243,243.0,381.7143431621013,-15.976279227543628
244,244.0,381.73829898862215,-15.855718062003305
245,245.0,380.8969614256342,-8.125793409442778
246,246.0,383.4763469290974,-29.53658806867285
247,247.0,382.6211985645856,-33.09260700234265
248,248.0,383.486521647427,-37.4183220084716
249,249.0,381.69722105120746,-24.66680080301314
250,250.0,382.59824319587415,-24.57304116035406
251,251.0,382.6211985645856,-28.57818889070115
252,252.0,382.6211985645856,-28.50329677504113
253,253.0,382.6211985645856,-28.50329677504113
254,254.0,381.76769416895536,-20.268725724508187
255,255.0,382.6211985645856,-24.38601124977466
256,256.0,381.73829898862215,-20.02504383916309
257,257.0,381.73829898862215,-15.785917371224073
258,258.0,381.73829898862215,-15.785917371224073
259,259.0,383.48300702096475,-33.248910885392725
260,260.0,382.6211985645856,-33.10024008147666
261,261.0,381.710828535639,-20.23436056558169
262,262.0,380.8969614256342,-8.335024789942288
263,263.0,382.59824319587415,-20.583892557531506
264,264.0,382.6211985645856,-28.57818889070115
265,265.0,382.60407645369185,-28.547939740617473
266,266.0,382.6176839381234,-28.662298051053966
267,267.0,381.5083526092306,-10.321658839876356
268,268.0,382.6211985645856,-16.06872487176002
269,269.0,381.73829898862215,-20.02504383916309
270,270.0,381.76769416895536,-16.02959925656917
271,271.0,382.6211985645856,-24.38601124977466
272,272.0,381.73829898862215,-20.02504383916309
273,273.0,382.6211985645856,-24.264170307102127
274,274.0,383.4693995365332,-37.46296497404794
275,275.0,383.486521647427,-41.965120556339556
276,276.0,381.73829898862215,-24.482556455878324
277,277.0,381.7511816603645,-15.811297608604619
278,278.0,381.76769416895536,-16.08035973133026
279,279.0,384.0812294593246,-31.162445536284856
280,280.0,383.486521647427,-37.59865273134633
281,281.0,383.45994963089277,-42.10762424169733
282,282.0,382.6211985645856,-33.18127721730183
283,283.0,382.6211985645856,-28.50329677504113
284,284.0,382.6176839381234,-28.573012119901257
285,285.0,382.6211985645856,-28.64272746476143
286,286.0,383.48300702096475,-37.48803735333173
287,287.0,382.6211985645856,-33.10024008147666
288,288.0,381.7511816603645,-20.050424076543635
289,289.0,382.6211985645856,-24.314930781863218
290,290.0,382.31280228225984,-17.957893336652916
291,291.0,382.6211985645856,-19.920467229744084
292,292.0,382.59472856941187,-28.722796351221298
293,293.0,382.5671070682748,-28.598726880229243
294,294.0,383.42860290395214,-32.66479696226268
295,295.0,382.59824319587415,-23.722436230850697
296,296.0,382.63408123632803,-28.603569128081695
297,297.0,381.76769416895536,-20.319486199269278
298,298.0,381.47157661379623,-6.173125026261388
299,299.0,381.76769416895536,-7.852154786648605
300,300.0,382.59472856941187,-24.60551082595483
301,301.0,382.59824319587415,-28.867403811741447
302,302.0,381.7511816603645,-20.125316192203655
303,303.0,382.6111258676166,-24.490095250563776
304,304.0,382.6211985645856,-28.62894936546224
305,305.0,381.7272258338437,-20.1900254581021
306,306.0,380.9386310350286,-8.495429695744328
307,307.0,383.463464257355,-29.673815747743724
308,308.0,383.2196576847442,-30.835094643512925
309,309.0,382.6211985645856,-24.089793006903868
310,310.0,382.59472856941187,-28.722796351221298
311,311.0,382.59824319587415,-28.867403811741447
312,312.0,383.44634214646123,-37.69993136135833
313,313.0,382.59824319587415,-33.28091669005426
314,314.0,382.59824319587415,-28.72797312202119
315,315.0,381.73829898862215,-20.09993595482311
316,316.0,382.6176839381234,-24.333885651962255
317,317.0,382.58112108498034,-28.837154661657785
318,318.0,382.59824319587415,-28.817259053173863
319,319.0,382.6176839381234,-28.647904235561278
320,320.0,382.59824319587415,-28.79251169608144
321,321.0,380.87311749363766,-12.572054551256514
322,322.0,381.73829898862215,-12.021976669440775
323,323.0,382.6211985645856,-24.264170307102127
324,324.0,383.17928655717844,-26.490718147798546
325,325.0,383.463464257355,-33.33056267865674
326,326.0,381.73829898862215,-24.56359359170351
327,327.0,382.59824319587415,-24.41395453842214
328,328.0,380.8969614256342,-12.439811993041815
329,329.0,383.486521647427,-29.349133559641935
330,330.0,382.59824319587415,-33.110593623076404
331,331.0,381.73478436215987,-20.169651299683245
332,332.0,382.59117659812523,-24.135592821455894
333,333.0,382.63408123632803,-28.394672924738423
334,334.0,380.8934467991719,-12.485395697003021
335,335.0,381.73829898862215,-12.095286080053704
336,336.0,383.45994963089277,-33.41098515704308
337,337.0,382.59824319587415,-33.331061448621845
338,338.0,383.463464257355,-37.65528839578199
