,t,x,y
0,33.0,558.4488616467316,-229.44367850630184
1,49.0,557.7880233245231,-231.0455663213532
2,52.0,557.0811991111369,-223.7168669804228
3,55.0,542.0499165678024,-258.01276503978795
4,56.0,541.4777701517536,-259.11418478153314
5,60.0,541.5362332652687,-259.0452246750765
6,61.0,541.9937084179588,-258.08669163954414
7,62.0,542.0418338180925,-258.0297451181893
8,66.0,557.8618677081218,-230.82401140228487
9,73.0,532.3697706291526,-277.4367068268037
10,74.0,542.0092840566346,-258.0608485637776
11,75.0,532.9980921366122,-276.18644815563977
12,76.0,542.0418338180925,-258.0297451181893
13,77.0,541.5845001046548,-258.9882781537217
14,78.0,541.5845001046548,-258.9882781537217
15,79.0,533.0489633249837,-276.12950163428496
16,80.0,541.5845001046548,-258.9882781537217
17,81.0,541.5845001046548,-258.9882781537217
18,82.0,541.5845001046548,-258.9882781537217
19,83.0,533.3188169751313,-275.6079433450437
20,84.0,541.8304447103644,-258.47334129385
21,85.0,533.3188169751312,-275.60794334504374
22,87.0,541.7949582661954,-258.50366257255996
23,88.0,533.1750063861285,-268.4995175667445
24,91.0,522.8054554552248,-287.4899878342837
25,92.0,522.0708861272827,-288.82179145101816
26,93.0,522.7543810828485,-287.54475645944876
27,95.0,513.5372922693123,-297.1116062586502
28,96.0,513.3469029010695,-297.44043841880716
29,98.0,513.3469029010695,-297.44043841880716
30,99.0,522.8556383722104,-280.3500028721801
31,100.0,523.0797662804247,-279.97038277808707
32,103.0,523.0871934125598,-279.95650593023095
33,104.0,522.8823566622477,-280.1796544922729
34,105.0,523.0871934125598,-279.956505930231
35,106.0,513.546438448092,-297.09579714659776
36,107.0,513.546438448092,-297.0957971465977
37,109.0,513.0868937773403,-297.57011105717714
38,110.0,513.5464384480919,-297.0957971465978
39,111.0,513.4687124146687,-297.17608284666466
40,113.0,513.0968307267929,-283.90544287049454
41,115.0,513.956635982502,-289.72705312824706
42,119.0,514.0066898950207,-289.6688495709612
43,123.0,523.6903821722001,-271.77068143737495
44,131.0,503.5253448691968,-300.55429670481703
45,133.0,557.8941595248336,-230.7891666632408
46,135.0,541.5911358607218,-258.9744013058657
47,138.0,532.3120819653227,-277.50633823363387
48,139.0,541.5362332652688,-259.04522467507627
49,140.0,541.5362332652688,-259.0452246750764
50,141.0,533.0489633249837,-276.12950163428496
51,142.0,549.6841085783868,-241.21715755704054
52,143.0,541.5362332652688,-259.0452246750764
53,144.0,549.7394539528983,-241.1481974505837
54,145.0,541.5845001046548,-258.98827815372164
55,146.0,541.5362332652687,-259.0452246750765
56,147.0,541.5362332652688,-259.0452246750764
57,148.0,533.0489633249837,-276.12950163428496
58,149.0,541.5845001046548,-258.9882781537217
59,150.0,541.5362332652687,-259.0452246750765
60,151.0,533.0489633249837,-276.12950163428496
61,152.0,541.5362332652688,-259.04522467507644
62,153.0,532.9980921366123,-276.1864481556397
63,154.0,541.5362332652687,-259.0452246750765
64,155.0,532.9980921366123,-276.1864481556397
65,156.0,533.0489633249838,-276.12950163428485
66,157.0,532.9980921366121,-276.18644815563994
67,158.0,532.3631598947514,-277.4493917122791
68,159.0,533.0489633249837,-276.12950163428496
69,160.0,541.5845001046549,-258.9882781537216
70,161.0,550.102849324261,-248.74365221299394
71,162.0,557.9806417947528,-230.53015580015796
72,163.0,550.5820000052039,-247.72766085220127
73,164.0,550.1497156689861,-248.6861938877334
74,165.0,541.7949582661955,-258.50366257255996
75,166.0,550.8170430360062,-247.20460712151785
76,167.0,550.3937460323102,-248.09932220675304
77,168.0,550.5352705005744,-247.78511917746167
78,169.0,549.9556249887617,-249.06898621496424
79,170.0,550.1028493242611,-248.74365221299377
80,171.0,550.1028493242609,-248.7436522129941
81,172.0,541.8641998708779,-266.21370785371414
82,173.0,550.1028493242611,-248.74365221299377
83,174.0,542.0256287560129,-265.88487569355715
84,175.0,542.0321574727849,-265.8772798642905
85,176.0,550.149715668986,-248.68619388773354
86,180.0,541.5845001046549,-258.9882781537215
87,182.0,549.7851468528575,-241.0912509292289
88,187.0,513.546438448092,-297.09579714659765
89,191.0,523.6903821722001,-271.77068143737483
90,192.0,523.0871934125598,-279.95650593023095
91,193.0,532.7650767786917,-269.31199626718706
92,196.0,522.934672066154,-280.24129937601305
93,197.0,522.934672066154,-280.24129937601305
94,198.0,522.934672066154,-280.24129937601305
95,199.0,532.7650767786915,-269.3119962671874
96,202.0,532.7650767786917,-269.3119962671872
97,203.0,522.9346720661539,-280.2412993760133
98,204.0,532.7375653680917,-269.3664136712312
99,205.0,532.7375653680917,-269.36641367123127
100,206.0,532.7375653680917,-269.36641367123127
101,207.0,523.7164764563057,-286.5111353099812
102,208.0,541.235354555781,-251.85684296302279
103,209.0,532.9019382764723,-269.04107966926097
104,210.0,532.9089439205475,-269.02720282140507
105,214.0,503.14838124811484,-308.1438399773745
106,215.0,523.0326361490261,-273.0343956200402
107,217.0,504.8031865401869,-299.15148237369567
108,218.0,504.2935533315908,-292.9582644468901
109,219.0,494.2483078787428,-309.60481714362163
110,220.0,504.07910857753484,-293.2920916021727
111,221.0,494.0168104858689,-309.94094543649527
112,222.0,504.1293397703045,-293.24075675508146
113,223.0,514.1489477909062,-282.7874219851555
114,224.0,493.2030980989482,-317.9128348668949
115,225.0,504.63430647436945,-299.43627581947794
116,226.0,514.8414241433862,-281.5247316551713
117,227.0,504.63430647436934,-299.4362758194781
118,228.0,493.1470634038696,-317.9661903545481
119,229.0,494.0697945516237,-309.88961058940384
120,230.0,504.12933977030457,-293.24075675508135
121,231.0,513.8460903518865,-289.9536430167434
122,232.0,481.93872885802784,-328.4381132972303
123,233.0,503.66677398043396,-301.0608698181296
124,234.0,514.8414241433862,-281.5247316551713
125,237.0,490.77026960661055,-327.4987971563482
126,238.0,513.975153500514,-282.3489179706084
127,245.0,493.1470634038693,-317.9661903545485
128,246.0,504.12933977030457,-293.2407567550813
129,247.0,504.8751880262831,-299.0299501102382
130,252.0,504.060760790769,-299.6900387501751
131,253.0,482.2485583031799,-327.95171399949095
132,254.0,513.0088645557348,-284.06436432718266
133,255.0,522.8426790324985,-273.35860436215614
134,256.0,479.12796562186185,-338.1238862519273
135,257.0,491.97973698149883,-319.1027994126438
136,258.0,502.9287680695313,-308.50214572456986
137,259.0,493.1567166453758,-317.98477852730434
138,260.0,502.874350695208,-308.5559609043051
139,261.0,502.874350695208,-308.5559609043051
140,262.0,492.0343650914091,-319.05102015844466
141,263.0,492.02639286055387,-319.0308557522338
142,264.0,491.97973698149895,-319.10279941264355
143,266.0,490.66153845268906,-327.62882699778794
144,267.0,502.5605729995562,-302.1990078762802
145,268.0,502.87435069520797,-308.5559609043051
146,269.0,481.9387288580278,-328.4381132972304
147,270.0,503.5706945683035,-301.18612173279377
148,271.0,504.0791085775349,-293.2920916021726
149,272.0,514.148947790906,-282.7874219851555
150,273.0,514.2541587943413,-282.5582851646176
151,274.0,504.75042283569053,-299.2048378613495
152,275.0,514.254158794341,-282.5582851646178
153,276.0,504.75042283569053,-299.2048378613495
154,277.0,494.2483078787428,-309.60481714362163
155,278.0,493.2343875067306,-311.2175631618438
156,279.0,504.24336725660544,-293.0095992939814
157,280.0,494.1953725349964,-309.656151990713
158,281.0,504.2433672566056,-293.0095992939812
159,282.0,504.24336725660555,-293.00959929398124
160,283.0,514.2541587943412,-282.55828516461764
161,284.0,504.2363366305292,-293.02169803979194
162,285.0,504.7504228356906,-299.20483786134946
163,286.0,514.3042205307282,-282.50492967696397
164,287.0,504.2865246368111,-292.9703631927006
165,288.0,503.78440322477167,-300.82852161971863
166,289.0,514.1205949815503,-282.838965426129
167,291.0,493.30586387915474,-317.71976491066107
168,292.0,494.22288374443133,-309.6454001319481
169,293.0,494.2228837444313,-309.64540013194824
170,294.0,482.0787184369301,-328.20132225648706
171,295.0,494.20570446514205,-309.67281817048234
172,296.0,504.7101071469011,-299.27283888820995
173,297.0,494.20570446514216,-309.6728181704822
174,298.0,504.7791344458619,-299.1920653620225
175,299.0,494.2057044651421,-309.67281817048223
176,300.0,493.305863879155,-317.7197649106606
177,303.0,514.1214003750579,-289.46520575880896
178,304.0,492.40718307169834,-318.4753302132604
179,306.0,503.10179655351845,-308.1849702716344
180,307.0,512.8978460144336,-298.2141121386554
181,308.0,523.1961326898695,-279.75286211807867
182,309.0,540.4711117282197,-244.717867169838
183,310.0,532.1456160257814,-262.3297552117065
184,311.0,540.4711117282197,-244.717867169838
185,312.0,523.8876800235878,-286.19796835045054
186,313.0,513.5282287080796,-297.12727145927647
187,314.0,523.0654713532768,-279.99708891855755
188,315.0,513.5282287080795,-297.12727145927664
189,316.0,523.0654713532768,-279.99708891855755
190,317.0,513.5282287080795,-297.12727145927664
191,318.0,513.4756708349163,-297.1815575513994
192,319.0,502.9575520548788,-307.81932470079033
193,320.0,512.9101482355485,-290.93335261752713
194,321.0,512.9536744818456,-290.8878738682289
195,322.0,522.8924901443332,-280.2872272150863
196,324.0,523.8876800235879,-286.19796835045037
197,325.0,523.8446247755072,-286.2443570905589
198,326.0,523.8876800235878,-286.19796835045054
199,327.0,532.8884545642466,-269.06778580973156
200,328.0,523.8876800235879,-286.19796835045037
201,329.0,523.8876800235878,-286.1979683504506
202,330.0,532.8884545642466,-269.06778580973156
203,331.0,523.7479216208113,-286.45364889682094
204,332.0,523.8446247755073,-286.2443570905587
205,333.0,532.7650767786917,-269.31199626718706
206,334.0,523.7479216208113,-286.4536488968209
207,335.0,523.7479216208112,-286.45364889682105
208,336.0,532.7650767786915,-269.3119962671874
209,337.0,523.7479216208113,-286.4536488968209
210,340.0,523.7479216208113,-286.45364889682094
211,342.0,523.7479216208113,-286.45364889682094
212,343.0,532.7650767786915,-269.3119962671874
213,344.0,523.7479216208113,-286.45364889682094
214,345.0,503.10539417171896,-308.2140198367352
215,346.0,523.0654713532767,-279.9970889185576
216,347.0,512.6046216957199,-298.7178584234298
217,348.0,523.0654713532766,-279.9970889185577
218,349.0,532.0252348180385,-270.0466383340341
219,351.0,523.0871934125599,-279.95650593023083
220,354.0,541.9996447478446,-258.0810931824583
221,355.0,540.6970649057369,-252.19201793664507
222,356.0,541.5911358607219,-258.97440130586546
223,357.0,541.9921538963393,-258.0899561798234
224,358.0,541.9921538963393,-258.0899561798235
225,359.0,533.3831420429377,-268.085811174008
226,360.0,541.9921538963393,-258.0899561798235
227,361.0,549.7788563625808,-241.10559527163832
228,362.0,533.0408481611494,-276.1451668349111
229,363.0,533.3831420429378,-268.08581117400803
230,364.0,549.778856362581,-241.10559527163818
231,365.0,541.5717282924929,-259.0149842941922
232,366.0,542.1876340735282,-265.5976320278165
233,367.0,533.1679336978515,-275.8997162938045
234,368.0,541.5234575063215,-259.07193081554715
235,369.0,541.5234575063215,-259.0719308155471
236,373.0,549.996406351751,-249.02507038688546
237,374.0,550.4196639139402,-248.0418168934315
238,375.0,542.0179440785241,-265.9005408941835
239,376.0,532.1626969403118,-277.79270032041944
240,377.0,541.8924387177,-266.15622144055396
241,378.0,532.8573998328106,-276.45779390263635
242,379.0,541.4065563339407,-259.31614127300276
243,380.0,532.1251356509138,-277.86464398082927
244,381.0,532.8730441737042,-276.4688368834504
245,382.0,541.3740005062434,-259.38410117422853
246,383.0,532.1762698645098,-277.80769745947447
247,384.0,532.1330947602411,-277.855780983464
248,385.0,541.3740005062433,-259.3841011742286
249,386.0,541.4223174512506,-259.3271546528738
250,387.0,541.4936805469431,-259.1781103842752
251,388.0,532.8221199222637,-276.52578340480517
252,389.0,541.5717282924929,-259.01498429419223
253,390.0,532.8221199222637,-276.52578340480517
254,391.0,541.4065563339407,-259.31614127300287
255,392.0,550.4196639139402,-248.04181689343145
256,393.0,566.3715988962101,-219.7340437021423
257,394.0,550.952540643633,-255.99813426437404
258,395.0,557.888225353877,-230.80351100565025
259,396.0,550.9030646579511,-256.0579062407992
260,397.0,559.1665656090051,-237.52157521695742
261,398.0,551.066974354221,-255.75170882048644
262,399.0,550.1376428136817,-248.7129000282042
263,400.0,541.8655751384935,-266.2166151134559
264,401.0,550.4196639139402,-248.04181689343142
265,402.0,550.5805311534533,-247.73092539248066
266,403.0,557.888225353877,-230.80351100565022
267,404.0,559.270237864756,-237.27736475950186
268,405.0,574.1488269354442,-208.99985787067013
269,406.0,532.1626969403118,-277.79270032041944
270,407.0,559.5914436908084,-236.40717356453973
271,408.0,559.0632347190085,-237.6536032763998
272,409.0,559.2308535287318,-237.3277319743642
273,410.0,559.3270868251296,-237.09290993544784
274,411.0,559.6465696228238,-236.34575733864045
275,412.0,566.5870919430548,-219.186375365993
276,413.0,559.166565609005,-237.52157521695744
277,414.0,565.9051787853628,-220.93249335906003
278,416.0,572.629261929183,-202.92726571595466
279,417.0,565.9496335695815,-220.8727213826349
280,418.0,574.2368813771266,-208.75780255496716
281,419.0,559.2234987229493,-237.33713673592686
282,423.0,573.7731046698871,-210.0291418322363
283,424.0,566.5249776184049,-219.39279049909615
284,425.0,574.2368813771266,-208.75780255496716
285,426.0,567.8427122571114,-225.62490173216267
286,427.0,574.2278596232699,-208.78261731711555
287,429.0,559.6858363356768,-236.29539012377822
288,431.0,574.148826935444,-208.9998578706701
289,433.0,574.2368813771266,-208.7578025549671
290,434.0,574.2368813771267,-208.75780255496716
291,435.0,579.9759710357188,-192.1609305544087
292,437.0,580.1267332199104,-191.8460725393034
293,438.0,585.303142094382,-175.36040884919464
294,441.0,571.8372265697722,-204.16503409244152
295,444.0,585.3666335406834,-175.13914581998534
296,445.0,579.8994412712724,-192.39175716133815
297,447.0,571.9761654109907,-203.85383404969107
298,448.0,577.8107238036068,-186.67588733570247
299,449.0,579.8786491122033,-192.54036834160058
300,451.0,571.9717509660264,-203.86008613349537
301,452.0,577.8065398065811,-186.68213941950654
302,453.0,577.8065398065811,-186.68213941950654
303,455.0,585.3475135366505,-175.16897897582328
304,456.0,590.0408733671974,-158.6909225298915
305,458.0,577.6830936714314,-186.98507460003566
306,460.0,577.6830936714314,-186.98507460003557
307,462.0,589.7552944272085,-159.64536606315227
308,463.0,571.6988359780944,-204.36076641440525
309,464.0,589.8902633142703,-159.31547128945624
310,466.0,589.7552944272085,-159.64536606315232
311,467.0,582.6243365162077,-170.96800091252598
312,468.0,589.7552944272085,-159.64536606315238
313,469.0,584.890430639074,-176.63842831388573
314,470.0,593.9729187261348,-143.15768240062314
315,471.0,585.0052384038395,-176.34252777300688
316,473.0,587.1383247630044,-154.75710785443553
317,474.0,587.197935306693,-154.62601137278017
318,475.0,594.0160486773098,-143.0830177732592
319,480.0,589.3676335834663,-160.28029243888324
320,482.0,589.7552944272085,-159.6453660631523
321,483.0,589.8241785469594,-159.3906791872279
322,484.0,594.0160486773098,-143.08301777325897
323,485.0,600.1011389036539,-132.32460976754032
324,491.0,600.159466503583,-132.21926183884202
325,492.0,600.212960015555,-131.97621401009854
326,493.0,596.2881541626713,-148.7069455013715
327,494.0,596.3971247815606,-148.26930898659137
328,496.0,600.212960015555,-131.97621401009854
329,500.0,597.2989594208078,-127.57743580324505
330,503.0,603.3435051780433,-116.83292855417993
331,504.0,606.1945213729658,-101.00257765262498
332,505.0,603.3435051780433,-116.83292855417979
333,506.0,606.2401268914563,-100.89478062283565
334,507.0,608.5826689487222,-85.44269126334702
335,508.0,606.1601153258712,-101.20885842257164
336,509.0,603.3031823431812,-117.04096979119666
337,510.0,600.271142800009,-112.63287667966833
338,513.0,606.1601153258712,-101.20885842257178
339,514.0,603.4628627407791,-116.21485158006777
340,515.0,603.4628627407791,-116.21485158006779
341,516.0,606.1984638856201,-101.13167250692337
342,520.0,604.9796183780194,-83.25937136985468
343,521.0,604.9796183780194,-83.25937136985472
344,522.0,600.1247134741908,-113.06100057596241
345,523.0,604.9796183780194,-83.25937136985456
346,524.0,604.9796183780194,-83.25937136985468
347,525.0,602.7886499076723,-98.27234265067618
348,526.0,601.7723419294019,-79.63469205732714
349,527.0,601.7999243110371,-79.4259830879824
350,528.0,605.1418097696346,-82.55301239989666
351,529.0,606.9174587820075,-68.28475681406763
352,530.0,601.7723419294019,-79.63469205732726
353,531.0,604.9796183780194,-83.25937136985463
354,532.0,605.1021501980651,-82.84321102688054
355,533.0,605.0722245042857,-83.06150083523261
356,536.0,602.6906990231053,-98.47021318529819
357,537.0,604.9796183780194,-83.25937136985462
358,538.0,604.9796183780194,-83.25937136985466
359,539.0,604.9796183780194,-83.25937136985466
360,540.0,602.8181818283653,-97.68675053896172
361,541.0,606.8534696636808,-68.27391837934475
362,542.0,605.1021501980651,-82.84321102688061
363,543.0,602.6906990231053,-98.47021318529829
364,544.0,605.0722245042857,-83.0615008352327
365,545.0,605.0722245042857,-83.06150083523274
366,546.0,605.1021501980653,-82.84321102688054
367,547.0,605.0722245042857,-83.06150083523269
368,548.0,605.1021501980653,-82.84321102688055
369,549.0,600.0271750390616,-92.9976561619704
370,550.0,608.2690601767474,-86.38420386082477
371,551.0,605.1354100746889,-82.15463397965684
372,552.0,606.9174587820074,-68.28475681406785
373,553.0,605.1021501980651,-82.84321102688061
374,554.0,605.1704703470214,-82.3426475620691
375,555.0,610.4723351156646,-70.68837594330041
376,556.0,605.1418097696346,-82.55301239989669
377,557.0,606.9409044523273,-68.076047844723
378,558.0,605.0722245042857,-83.06150083523272
379,559.0,606.8518413310222,-68.28839027876612
380,560.0,602.9458358548707,-97.303282641633
381,562.0,606.9174587820075,-68.28475681406776
382,563.0,606.8534696636808,-68.27391837934486
383,564.0,599.6917204411683,-94.02912381051952
384,566.0,606.939281072282,-68.09051974414409
385,567.0,605.0722245042857,-83.06150083523266
386,568.0,599.9049576069137,-93.3644672605064
387,569.0,605.1418097696346,-82.5530123998967
388,570.0,605.1694536619938,-82.35011925923398
389,571.0,608.2690601767475,-86.38420386082487
390,572.0,602.9075070646269,-97.54049268218327
391,573.0,602.8609323234313,-97.45226877151971
392,574.0,606.9409044523273,-68.0760478447228
393,575.0,608.4109869924324,-53.64811234521844
394,577.0,605.1377149698129,-82.76711286751842
395,578.0,606.9174587820075,-68.28475681406776
396,579.0,606.9591914811557,-67.91280927857314
397,580.0,606.9750197820755,-68.00959506288729
398,581.0,603.7495588939425,-64.55729991524215
399,582.0,599.8885693333102,-93.88758821170627
400,583.0,602.0428787839888,-78.90213522119637
401,584.0,606.9174587820075,-68.2847568140677
402,585.0,602.0154891432916,-79.11084419054144
403,586.0,599.9679312779404,-93.37909977637024
404,588.0,601.9521652576024,-79.09786754316036
405,589.0,605.1418097696346,-82.5530123998966
406,590.0,599.8885693333102,-93.88758821170629
407,591.0,602.0154891432916,-79.11084419054137
408,592.0,599.8885693333102,-93.88758821170627
409,593.0,602.0090546126411,-79.15979409631441
410,595.0,601.9247036216883,-79.3065765125052
411,596.0,599.8721803067382,-93.57483209833404
412,597.0,599.8885693333102,-93.88758821170639
413,598.0,599.9679312779404,-93.37909977637027
414,599.0,599.8885693333102,-93.88758821170632
415,600.0,599.8885693333102,-93.88758821170629
416,601.0,599.8885693333102,-93.88758821170629
417,602.0,606.9174587820075,-68.28475681406773
418,604.0,602.0154891432915,-79.11084419054144
419,605.0,599.8721803067382,-93.574832098334
420,606.0,599.9226928310014,-93.66929840335416
421,607.0,599.8268399422673,-93.86503072531788
422,608.0,602.0154891432916,-79.11084419054144
423,609.0,605.0722245042857,-83.06150083523278
424,610.0,602.0154891432916,-79.11084419054129
425,611.0,602.0154891432916,-79.11084419054133
426,612.0,599.8885693333102,-93.88758821170627
427,613.0,600.0006347221045,-93.16873493854283
428,614.0,599.9207714277844,-93.68160356478049
429,615.0,599.7926397560659,-94.08332053367003
430,616.0,599.9226928310014,-93.66929840335406
431,617.0,602.0154891432916,-79.11084419054133
432,618.0,599.919187824021,-93.69174412691659
433,619.0,602.0154891432916,-79.11084419054124
434,620.0,599.9226928310014,-93.66929840335422
435,621.0,599.9226928310014,-93.66929840335415
436,622.0,602.0428787839888,-78.90213522119642
437,623.0,600.0006347221045,-93.16873493854277
438,624.0,599.8804915464817,-93.9391861734397
439,625.0,599.8885693333102,-93.8875882117063
440,626.0,599.9226928310014,-93.66929840335422
441,627.0,599.8885693333102,-93.88758821170632
442,628.0,599.8885693333102,-93.88758821170629
443,629.0,599.9226928310014,-93.66929840335422
444,630.0,603.7289261117913,-64.74996998362111
445,631.0,602.0154891432916,-79.11084419054133
446,632.0,605.1021501980651,-82.84321102688068
447,633.0,605.0722245042857,-83.06150083523265
448,634.0,599.9226928310014,-93.66929840335425
449,635.0,602.0154891432916,-79.11084419054133
450,636.0,602.0154891432916,-79.11084419054133
451,637.0,599.8885693333102,-93.88758821170627
452,638.0,601.9247036216883,-79.30657651250509
453,639.0,599.8885693333102,-93.88758821170637
454,640.0,602.0154891432916,-79.11084419054137
455,641.0,601.9247036216884,-79.30657651250515
456,642.0,601.9247036216884,-79.30657651250513
457,643.0,599.7926397560659,-94.08332053367002
458,644.0,601.9247036216883,-79.30657651250512
459,645.0,606.9174587820074,-68.28475681406778
460,646.0,606.9174587820075,-68.28475681406769
461,647.0,599.8885693333102,-93.88758821170633
462,648.0,599.8885693333102,-93.88758821170629
463,649.0,600.0006347221045,-93.16873493854281
464,651.0,599.8885693333102,-93.88758821170637
465,652.0,601.9247036216883,-79.30657651250509
466,653.0,602.9513891062512,-97.26886532908773
467,654.0,606.9174587820074,-68.28475681406785
468,655.0,606.9174587820075,-68.28475681406769
469,656.0,608.2690601767474,-86.38420386082487
470,657.0,606.8299525609608,-68.4826273486897
471,658.0,608.2690601767475,-86.38420386082478
472,659.0,605.0065388148137,-83.06352728506486
473,660.0,606.9392810722819,-68.09051974414406
474,661.0,606.9392810722819,-68.09051974414405
475,662.0,605.1694536619938,-82.35011925923398
476,663.0,605.0493805858122,-82.75088293451853
477,664.0,602.9158548778308,-97.48888000433989
478,665.0,604.9796183780194,-83.25937136985468
479,666.0,602.8181818283653,-97.6867505389617
480,667.0,602.9158548778308,-97.48888000433988
481,668.0,602.9513891062512,-97.26886532908769
482,669.0,602.9158548778308,-97.4888800043398
483,671.0,605.1704703470213,-82.34264756206919
484,673.0,602.9158548778308,-97.4888800043398
485,674.0,597.4901062421361,-108.24135791950928
486,675.0,597.529922284403,-108.02134324425722
487,676.0,602.94588948951,-97.45923968005562
488,677.0,599.9966924576074,-93.35195585219188
489,678.0,605.1773357195975,-82.47691424053453
490,679.0,600.0039200693304,-93.30549031506621
491,680.0,603.051318765485,-96.8047312197105
492,681.0,600.0039200693304,-93.3054903150661
493,682.0,605.1418097696346,-82.55301239989664
494,683.0,597.3510776404484,-108.5106997027773
495,684.0,597.4919715247721,-108.09495270556135
496,685.0,597.4919715247721,-108.09495270556138
497,686.0,597.3910021455466,-108.29068502752497
498,688.0,599.9207714277844,-93.6816035647805
499,689.0,599.9425363234176,-93.54211857126978
500,691.0,602.1152072767995,-78.34827377162448
501,692.0,602.0246847222808,-78.54400609358837
502,693.0,600.0122314941387,-93.09402179732432
503,694.0,600.0122314941389,-93.09402179732436
504,695.0,600.0122314941387,-93.09402179732439
505,696.0,602.0591027321478,-78.77824353422541
506,697.0,597.414650899378,-108.16014422589096
507,698.0,600.0122314941387,-93.09402179732436
508,699.0,599.8467281048627,-93.73785089323347
509,700.0,602.1915134008601,-77.75960406894077
510,702.0,607.0027711073357,-67.5221863951511
511,703.0,602.1915134008601,-77.7596040689409
512,704.0,601.9684319344805,-78.97397585618921
513,706.0,600.0876406425349,-92.60668650293317
514,708.0,605.1806315090502,-82.26793442085078
515,709.0,608.6403482997249,-85.03084650092052
516,714.0,597.7832976204755,-126.30549986580671
517,717.0,603.5339494806396,-115.84511323044356
518,718.0,603.5339494806398,-115.84511323044354
519,720.0,597.4336380319903,-126.94525276343235
520,726.0,572.7988038190811,-202.31773503123128
521,727.0,585.5168008960828,-174.63645647379516
522,728.0,592.2372217524984,-164.09872518077563
523,730.0,585.3988300592514,-174.71364402639546
524,732.0,590.2306586681354,-157.87881358352115
525,733.0,580.3140221868813,-191.21572036469885
526,734.0,580.2636804246408,-191.29038499206283
527,736.0,580.1449402149601,-191.65019841717236
528,737.0,574.4536942945587,-208.0886909990423
529,739.0,580.3140221868812,-191.21572036469894
530,741.0,574.4536942945588,-208.0886909990423
531,742.0,580.4391200029027,-190.7573804092968
532,743.0,585.5468424887804,-174.45012313489661
533,744.0,580.4391200029027,-190.75738040929676
534,745.0,580.4391200029027,-190.75738040929676
535,746.0,573.1133730483629,-201.4249170233558
536,747.0,564.9335404691232,-212.85711478319163
537,748.0,564.5963360602135,-213.7499327910673
538,749.0,564.9335404691232,-212.85711478319163
539,750.0,580.4391200029025,-190.75738040929687
540,751.0,585.6987214499942,-173.9395236920101
541,752.0,574.5067283278322,-208.01402637167828
542,753.0,564.9335404691232,-212.8571147831917
543,754.0,564.9335404691233,-212.85711478319152
544,755.0,564.9335404691233,-212.85711478319152
545,756.0,564.9335404691233,-212.85711478319152
546,758.0,570.7911320214782,-196.61012198369318
547,759.0,570.7911320214781,-196.61012198369335
548,761.0,564.9335404691232,-212.85711478319172
549,762.0,557.8662159995299,-230.7451873976338
550,764.0,570.7911320214782,-196.61012198369318
551,765.0,557.5860008419918,-231.42149451992915
552,766.0,564.5963360602134,-213.74993279106732
553,767.0,566.7244907759173,-218.75622761310123
554,768.0,564.5963360602134,-213.74993279106735
555,770.0,564.5963360602135,-213.74993279106715
556,771.0,570.8406206319534,-196.53888975837776
557,772.0,570.8406206319535,-196.53888975837768
558,774.0,570.6589872876588,-197.06564789113585
559,776.0,579.9989288484601,-192.2321114689212
560,777.0,566.7244907759173,-218.75622761310126
561,778.0,566.6426230773437,-218.96820151968424
562,779.0,566.778607815271,-218.73672876656485
563,781.0,566.7778741215768,-218.68397153008405
564,782.0,565.0275658802336,-212.72842423261588
565,783.0,572.9830496999955,-201.87626076154206
566,784.0,564.3767171475295,-214.3955934544994
567,786.0,549.9661512910964,-240.63073951628738
568,787.0,550.104439992242,-240.36181908834934
569,788.0,549.7394539528982,-241.14819745058375
570,789.0,549.9661512910965,-240.63073951628724
571,790.0,549.6841085783868,-241.2171575570404
572,791.0,549.7851468528575,-241.09125092922872
573,792.0,564.762593202969,-213.43089279598536
574,793.0,558.0694952343408,-230.321571224938
575,794.0,564.9128763263249,-212.98598508670608
576,795.0,558.1079401335246,-230.27170872894436
577,796.0,557.855653641207,-230.83902915923443
578,797.0,557.1427596167382,-223.5635130813699
579,798.0,549.5253768156315,-241.6429717593309
580,799.0,549.8222731926608,-240.96666463703568
581,800.0,550.0659454019747,-240.40990261233907
582,801.0,549.8608335289167,-240.91858111304614
583,802.0,549.7598487096537,-241.04448774085756
584,803.0,556.7332888259318,-224.5305446462864
585,805.0,557.0994618675937,-223.62045960272494
586,806.0,549.9108936228074,-240.6996996227439
587,807.0,541.9463116508007,-258.23031243975134
588,808.0,549.1652615749646,-234.02251676212714
589,809.0,532.8522501950448,-269.09752685151125
590,812.0,531.9904001824751,-270.07470081872833
591,813.0,541.5995090064104,-251.02782981083558
592,814.0,541.5664717188853,-251.14405244476825
593,815.0,532.3098115025036,-261.9549718295344
594,817.0,533.2115341019303,-268.3655451153564
595,818.0,533.1342411421446,-268.5459063068528
596,819.0,523.0376198492964,-280.01631061716
597,820.0,532.271935606013,-262.0733555535942
598,821.0,514.1594581320758,-281.931808232183
599,822.0,523.8800532258203,-271.34690622165215
600,823.0,532.2022277502342,-262.15364125366114
601,824.0,532.4568061570266,-261.63618331936453
602,825.0,532.2022277502342,-262.1536412536611
603,826.0,532.271935606013,-262.07335555359424
604,828.0,532.2248041695328,-262.12764164571706
605,829.0,512.8757755002638,-298.2520679390091
606,830.0,540.0985422751245,-245.50163058837015
607,831.0,522.227868349804,-273.8510307545202
608,832.0,522.1151595911862,-274.04687325378114
609,833.0,522.7686709572288,-272.79817682806527
610,834.0,513.7640527711268,-290.06187560052234
611,835.0,513.9475946623512,-289.7365415985523
612,836.0,513.9988693403526,-289.6827264188172
613,837.0,513.9475946623512,-289.7365415985523
614,838.0,513.9475946623512,-289.7365415985523
615,839.0,504.0094252420317,-299.7418180043744
616,840.0,504.0094252420316,-299.7418180043745
617,841.0,513.5187520531172,-283.124007728286
618,842.0,522.9839602883474,-273.08821079977514
619,843.0,513.9988693403526,-289.6827264188172
620,844.0,548.8959503441441,-234.69302091076642
621,846.0,590.0857934952994,-158.5897173847776
622,848.0,585.4092133216129,-175.0656879669203
623,849.0,578.0720480038583,-185.92073353333257
624,851.0,583.0761387871886,-169.4207520169825
625,852.0,570.7911320214781,-196.6101219836933
626,853.0,583.0761387871885,-169.42075201698265
627,854.0,577.984175225299,-186.05232604325977
628,855.0,572.1836509015703,-203.1921368506337
629,856.0,578.0720480038584,-185.92073353333248
630,859.0,590.2759241520272,-157.80414895615723
631,860.0,590.1662535005165,-157.9850120786257
632,862.0,596.6818357956237,-147.30691959354107
633,863.0,590.177414148431,-158.24841855207293
634,866.0,597.6723033800392,-126.50875628240401
635,867.0,597.7832976204754,-126.30549986580682
636,868.0,594.228091926706,-142.1998270971275
637,869.0,594.3911143064593,-141.51685162846346
638,870.0,603.7331274289975,-114.93695509336773
639,871.0,597.6820942353193,-126.78353379222472
640,872.0,603.4335433874019,-95.89460243533735
641,873.0,603.4054035043418,-96.07151025704384
642,874.0,597.7463663786604,-106.81713393742918
643,876.0,603.0452700434255,-96.68511811968908
644,877.0,597.5972854102824,-107.51120549616273
645,879.0,599.7560588854573,-93.61786966411022
646,880.0,603.4497687773882,-65.14408184658255
647,881.0,601.902567520846,-78.64435708985026
648,882.0,601.8727640610748,-78.87212163841028
649,883.0,601.9143349229937,-78.5542430710937
650,884.0,606.8122234806458,-67.71675022899593
651,885.0,601.9741531276931,-78.42494838806505
652,886.0,607.0027711073358,-67.52218639515098
653,888.0,606.9509106391661,-67.40217836245624
654,889.0,606.9509106391661,-67.40217836245623
655,890.0,601.8260681595933,-78.744895203956
656,891.0,602.1152072767995,-78.34827377162453
657,892.0,599.8319258411251,-93.13053436971902
658,893.0,605.2244202023248,-81.94517056133272
659,894.0,606.9547876580913,-67.95215615775182
660,895.0,606.9155258049885,-67.72005692977274
661,896.0,611.776548081061,-56.417510251635896
662,897.0,611.7765480810609,-56.41751025163576
663,898.0,611.776548081061,-56.417510251635846
664,899.0,607.0027711073358,-67.52218639515087
665,900.0,610.2370612445014,-71.1632582773358
666,901.0,602.1152072767995,-78.34827377162453
667,902.0,607.0027711073357,-67.522186395151
668,903.0,611.7765480810609,-56.41751025163583
669,904.0,607.0380472399962,-67.20430782783423
670,905.0,602.0246847222808,-78.54400609358815
671,906.0,602.1152072767995,-78.34827377162452
672,907.0,611.8095302781015,-56.3388051125215
673,909.0,603.839293279851,-63.943150632326784
674,911.0,607.0027711073358,-67.52218639515094
675,912.0,611.7765480810609,-56.41751025163592
676,913.0,605.2161193352963,-82.1918362614887
677,914.0,610.2370612445014,-71.16325827733577
678,915.0,605.1806315090502,-82.2679344208508
679,916.0,601.9143349229937,-78.5542430710936
680,920.0,603.0452700434254,-96.68511811968916
681,921.0,597.5972854102824,-107.51120549616269
682,922.0,597.5972854102824,-107.51120549616263
683,923.0,594.5267484345645,-123.04806907877574
684,924.0,594.5786139845587,-122.95259920289017
685,925.0,597.6351575834113,-107.43759603485857
686,926.0,597.5535067002663,-107.89080244262298
687,928.0,594.6730217062093,-122.77872729550775
688,929.0,597.6351575834113,-107.43759603485854
689,930.0,600.1235275130498,-92.53307704162897
690,931.0,594.6730217062093,-122.77872729550785
691,932.0,597.6351575834113,-107.43759603485849
692,933.0,597.545681789988,-107.61146794224089
693,934.0,594.6730217062093,-122.77872729550793
694,935.0,594.5786139845587,-122.95259920289027
695,936.0,597.545681789988,-107.6114679422408
696,937.0,597.5535067002663,-107.89080244262307
697,938.0,597.5972854102824,-107.51120549616276
698,939.0,594.5786139845587,-122.95259920289014
699,941.0,603.18176846678,-95.9885578628975
700,942.0,602.9234463227115,-97.23771206374879
701,943.0,603.0827027146577,-96.6090199603269
702,944.0,603.0827027146577,-96.6090199603271
703,945.0,603.0827027146577,-96.60901996032703
704,946.0,605.2821024720859,-81.70450096709739
705,947.0,597.3661258444073,-107.96001157469372
706,948.0,597.3661258444073,-107.96001157469374
707,949.0,603.0827027146577,-96.609019960327
708,950.0,594.8429754045492,-121.83189011436892
709,954.0,583.5349040913509,-168.96927415855086
710,955.0,587.2990354563387,-154.24156888968858
711,956.0,590.177414148431,-158.24841855207313
712,957.0,590.1343473269981,-158.408946243887
713,958.0,590.2306586681354,-157.8788135835213
714,960.0,577.5187437394682,-187.6323865182503
715,961.0,580.7545365969455,-164.9567142404229
716,963.0,594.2327349381768,-142.19176440711172
717,964.0,597.7832976204754,-126.30549986580674
718,965.0,594.2327349381768,-142.19176440711183
719,967.0,600.3996135408747,-131.25224672464654
720,968.0,603.697618375093,-115.22902107027599
721,969.0,600.3533583204288,-131.33607116271037
722,970.0,603.5339494806396,-115.84511323044374
723,972.0,594.1395069732298,-142.4647200677019
724,973.0,600.3543314890503,-131.4491135902727
725,975.0,600.3959508899369,-131.25888524706204
726,976.0,603.6692963517432,-115.28325486596192
727,977.0,596.774661387468,-146.8565685836765
728,978.0,596.5658671244335,-147.7024522219316
729,979.0,600.4994600816897,-130.7946736373399
730,980.0,596.650264964406,-147.36115338922693
731,981.0,603.606178855523,-115.70705499669373
732,982.0,596.7420015211236,-146.98922351948946
733,984.0,603.6692963517432,-115.28325486596196
734,986.0,596.5658671244335,-147.70245222193174
735,987.0,600.3996135408746,-131.2522467246466
736,988.0,600.3533583204288,-131.33607116271043
737,989.0,596.5658671244335,-147.7024522219317
738,991.0,596.5658671244335,-147.70245222193174
739,993.0,600.3533583204287,-131.33607116271048
740,994.0,600.3996135408747,-131.25224672464654
741,995.0,600.3996135408747,-131.2522467246465
742,997.0,603.5778095883135,-115.76128879237972
743,998.0,603.5778095883135,-115.76128879237979
744,999.0,600.2099743980637,-131.98979153006246
745,1000.0,603.5339494806396,-115.84511323044353
746,1002.0,603.6255092753555,-115.36707930402582
747,1003.0,603.5339494806396,-115.84511323044372
748,1004.0,600.2903660300562,-131.75099491768646
749,1006.0,600.2440327404432,-131.83481935575043
750,1007.0,600.3996135408747,-131.25224672464657
751,1008.0,600.3996135408747,-131.2522467246465
752,1009.0,600.2903660300564,-131.75099491768637
753,1010.0,600.3996135408747,-131.25224672464648
754,1011.0,600.3533583204287,-131.3360711627105
755,1012.0,592.1108920889158,-164.65582188300394
756,1013.0,603.6255092753554,-115.3670793040259
757,1014.0,603.6255092753554,-115.36707930402584
758,1015.0,600.3996135408747,-131.25224672464657
759,1016.0,603.6692963517432,-115.28325486596191
760,1017.0,600.2903660300562,-131.75099491768643
761,1018.0,600.2440327404432,-131.8348193557503
762,1019.0,596.517002998279,-147.7862766599955
763,1021.0,600.2903660300562,-131.75099491768654
764,1022.0,596.5658671244335,-147.70245222193154
765,1023.0,600.2903660300562,-131.75099491768643
766,1024.0,600.3533583204287,-131.33607116271045
767,1025.0,596.517002998279,-147.7862766599956
768,1026.0,596.517002998279,-147.78627665999548
769,1028.0,603.5778095883135,-115.76128879237984
770,1029.0,600.2903660300562,-131.75099491768634
771,1030.0,600.3996135408747,-131.25224672464648
772,1031.0,600.3996135408747,-131.2522467246465
773,1032.0,600.3996135408747,-131.2522467246465
774,1033.0,600.2903660300564,-131.75099491768637
775,1034.0,603.6255092753554,-115.36707930402589
776,1035.0,603.5339494806396,-115.84511323044372
