,t,x,y
0,1.0,580.6150327480682,-120.59244636400832
1,2.0,575.0661597735116,-130.4424984805161
2,4.0,575.0961714253394,-130.39026397673476
3,5.0,580.5191368476684,-121.05323674621236
4,7.0,580.9022186022338,-120.5269891395516
5,8.0,577.9427875290237,-117.04045398782067
6,9.0,580.6150327480682,-120.59244636400834
7,13.0,573.5888689693552,-150.5063578974403
8,15.0,574.7919644126621,-131.64547532340939
9,16.0,571.5226374808739,-145.1833612140147
10,17.0,571.5226374808739,-145.1833612140146
11,18.0,581.0529990764882,-119.79797557664192
12,19.0,573.5888689693552,-150.50635789744024
13,24.0,577.971438593604,-116.98821948403933
14,33.0,575.0661597735116,-130.44249848051606
15,37.0,577.8178291418507,-134.53883831014053
16,38.0,581.0529990764883,-119.79797557664187
17,40.0,577.0043570789869,-136.82955194314403
18,42.0,577.3571250290544,-135.3333090975068
19,43.0,577.8178291418507,-134.5388383101405
20,44.0,575.0961714253394,-130.39026397673476
21,47.0,571.5226374808739,-145.18336121401455
22,52.0,571.4321524244489,-145.61085984076647
23,53.0,580.4923107759724,-121.26875894464996
24,54.0,577.8178291418507,-134.53883831014048
25,55.0,580.6150327480682,-120.59244636400831
26,56.0,577.1212266117611,-136.3357772825342
27,58.0,580.5191368476684,-121.05323674621235
28,59.0,574.9614443520684,-130.9032888627201
29,60.0,583.3540699711165,-106.65581941055764
30,61.0,581.0529990764882,-119.79797557664192
31,62.0,575.0661597735116,-130.442498480516
32,64.0,574.9303978617652,-131.11927753964443
33,65.0,574.9614443520684,-130.90328886272002
34,66.0,575.0661597735116,-130.4424984805161
35,67.0,577.3571250290545,-135.33330909750674
36,68.0,580.5191368476684,-121.05323674621228
37,71.0,574.9614443520684,-130.90328886272002
38,73.0,571.267045093105,-146.1858293990419
39,74.0,580.3930946792349,-121.74272222463394
40,76.0,577.3877309347462,-135.28060811523883
41,82.0,581.0529990764882,-119.79797557664182
42,84.0,574.0735959317269,-149.71188711007363
43,86.0,574.9003113190449,-131.17151204342576
44,88.0,571.5226374808739,-145.1833612140145
45,89.0,577.2444646195069,-135.81304222804002
46,91.0,580.9578056090636,-120.25876595884591
47,93.0,577.2444646195069,-135.81304222803996
48,94.0,580.6150327480682,-120.59244636400835
49,95.0,580.5482797415234,-121.00053576394437
50,96.0,581.0529990764882,-119.79797557664197
51,97.0,574.9614443520684,-130.90328886272007
52,98.0,580.5191368476684,-121.05323674621232
53,99.0,580.3638765972157,-121.79542320690165
54,100.0,577.3571250290544,-135.33330909750694
55,102.0,575.0661597735116,-130.44249848051606
56,103.0,575.0961714253394,-130.39026397673467
57,104.0,577.8178291418507,-134.53883831014045
58,105.0,583.103330032759,-125.23865778349072
59,109.0,571.6743179654153,-144.65718615673117
60,110.0,580.3638765972156,-121.79542320690184
61,111.0,577.7059183132563,-135.01857144067353
62,113.0,574.7919644126621,-131.64547532340936
63,114.0,574.8220996957174,-131.59324081962808
64,115.0,580.9022186022338,-120.52698913955159
65,116.0,577.8178291418507,-134.5388383101405
66,117.0,585.9375495259642,-111.22680861290198
67,118.0,577.2444646195069,-135.81304222804
68,121.0,571.4321524244489,-145.61085984076638
69,125.0,580.6150327480682,-120.5924463640084
70,126.0,580.5482797415234,-121.00053576394437
71,128.0,571.5541823727862,-145.13112671023327
72,130.0,574.9003113190449,-131.17151204342582
73,131.0,575.0661597735116,-130.44249848051612
74,133.0,581.0529990764882,-119.79797557664207
75,135.0,575.0661597735116,-130.44249848051606
76,137.0,571.5226374808739,-145.1833612140145
77,139.0,573.5888689693552,-150.5063578974403
78,142.0,575.0961714253394,-130.39026397673484
79,143.0,574.8220996957175,-131.59324081962794
80,145.0,577.3571250290545,-135.33330909750686
81,147.0,567.4523374645063,-160.35641001394788
82,149.0,573.5888689693552,-150.5063578974401
83,150.0,577.121226611761,-136.33577728253434
84,151.0,575.0661597735116,-130.44249848051604
85,153.0,575.0661597735116,-130.442498480516
86,154.0,571.5226374808739,-145.18336121401467
87,155.0,571.5541823727863,-145.13112671023316
88,156.0,577.8178291418508,-134.53883831014042
89,160.0,577.2444646195069,-135.81304222804002
90,162.0,575.0661597735116,-130.44249848051618
91,163.0,575.0661597735117,-130.442498480516
92,164.0,571.5226374808739,-145.18336121401467
93,165.0,580.6441290061485,-120.53974538174036
94,171.0,571.5541823727863,-145.13112671023316
95,174.0,585.9884019480154,-110.95858543219623
96,177.0,577.3877309347462,-135.28060811523883
97,178.0,580.4631407198029,-121.32145992691798
98,179.0,571.5226374808739,-145.1833612140146
99,183.0,586.3327545113507,-110.30879790736452
100,184.0,586.1727428213105,-111.03354242001298
101,185.0,583.2657608793895,-107.13770088904494
102,187.0,580.5583578209727,-120.86499715513968
103,188.0,580.7409731113008,-120.0722987026691
104,189.0,577.3877309347462,-135.2806081152388
105,190.0,580.740973111301,-120.07229870266889
106,192.0,580.6391316950838,-120.56381509550356
107,194.0,577.3571250290544,-135.33330909750688
108,195.0,577.3877309347462,-135.2806081152389
109,196.0,580.7119241274372,-120.12499968493691
110,197.0,575.090713623572,-130.414333690498
111,199.0,583.4957539597355,-124.53410163349412
112,200.0,580.7119241274372,-120.12499968493694
113,201.0,575.2019548588513,-129.92281729766324
114,203.0,580.7119241274372,-120.12499968493702
115,204.0,580.740973111301,-120.07229870266895
116,211.0,575.1719911780347,-129.97505180144458
117,213.0,580.7119241274372,-120.12499968493688
118,214.0,577.3877309347462,-135.28060811523895
119,215.0,586.0991008547297,-110.46868566971845
120,216.0,577.3877309347462,-135.28060811523875
121,217.0,580.610033001805,-120.61651607777156
122,218.0,575.1719911780347,-129.97505180144466
123,219.0,580.7119241274372,-120.1249996849368
124,220.0,580.7119241274372,-120.1249996849369
125,221.0,577.4291222791921,-134.9264255543001
126,222.0,580.7119241274372,-120.12499968493695
127,224.0,580.740973111301,-120.07229870266897
128,225.0,580.740973111301,-120.07229870266889
129,226.0,577.4680121781714,-134.8593685440049
130,228.0,580.7119241274372,-120.12499968493691
131,231.0,580.610033001805,-120.61651607777155
132,232.0,580.7119241274372,-120.124999684937
133,233.0,575.2019548588513,-129.92281729766324
134,235.0,580.740973111301,-120.07229870266896
135,237.0,580.7119241274372,-120.12499968493684
136,238.0,580.740973111301,-120.07229870266895
137,239.0,577.4985689565846,-134.80666756173693
138,240.0,580.7119241274372,-120.12499968493695
139,241.0,580.610033001805,-120.61651607777156
140,243.0,575.2019548588513,-129.92281729766324
141,244.0,580.610033001805,-120.61651607777148
142,246.0,580.7119241274372,-120.12499968493691
143,247.0,580.7119241274372,-120.1249996849369
144,248.0,577.3877309347462,-135.28060811523895
145,249.0,577.4985689565846,-134.80666756173676
146,252.0,580.610033001805,-120.61651607777156
147,253.0,580.7119241274372,-120.124999684937
148,254.0,577.3877309347462,-135.28060811523895
149,255.0,580.7119241274372,-120.12499968493691
150,256.0,580.740973111301,-120.07229870266895
151,258.0,577.3877309347462,-135.28060811523883
152,259.0,580.610033001805,-120.61651607777156
153,260.0,580.740973111301,-120.07229870266903
154,261.0,580.7119241274372,-120.12499968493685
155,262.0,580.7119241274372,-120.1249996849369
156,263.0,575.060699500584,-130.4665681942791
157,265.0,580.7119241274372,-120.12499968493695
158,266.0,580.740973111301,-120.07229870266895
159,267.0,580.610033001805,-120.61651607777142
160,268.0,580.7119241274372,-120.124999684937
161,270.0,580.7149875232441,-120.11944257253376
162,271.0,571.6428230097814,-144.70942066051254
163,273.0,580.5489192980191,-120.910324931325
164,274.0,586.1915290876877,-109.97716927688373
165,275.0,580.6100330018052,-120.61651607777141
166,276.0,580.7119241274372,-120.124999684937
167,277.0,575.0240071516057,-130.70814254405133
168,278.0,575.1758668884988,-129.96829604696126
169,279.0,577.4680121781715,-134.85936854400472
170,280.0,577.3877309347462,-135.2806081152389
171,282.0,580.740973111301,-120.07229870266885
172,283.0,580.7119241274372,-120.12499968493685
173,284.0,575.1719911780348,-129.97505180144455
174,286.0,575.1758668884988,-129.9682960469613
175,289.0,580.6391316950838,-120.56381509550347
176,290.0,580.7119241274372,-120.12499968493698
177,293.0,580.7119241274372,-120.12499968493691
178,294.0,580.7119241274372,-120.1249996849369
179,296.0,580.7119241274372,-120.12499968493692
180,297.0,575.1719911780348,-129.97505180144455
181,299.0,575.0907136235721,-130.41433369049787
182,300.0,575.1719911780347,-129.97505180144475
183,301.0,575.1719911780345,-129.97505180144475
184,302.0,575.1719911780345,-129.97505180144475
185,308.0,575.1719911780347,-129.97505180144464
186,311.0,575.1719911780347,-129.97505180144466
187,313.0,575.2019548588512,-129.92281729766327
188,315.0,571.6428230097814,-144.70942066051242
189,316.0,575.1719911780347,-129.97505180144464
190,317.0,575.060699500584,-130.46656819427926
191,318.0,580.7409731113008,-120.07229870266897
192,319.0,580.740973111301,-120.07229870266887
193,322.0,575.0606995005838,-130.46656819427926
194,324.0,580.7119241274372,-120.12499968493697
195,327.0,575.1719911780347,-129.97505180144475
196,328.0,580.7119241274372,-120.1249996849368
197,329.0,580.7119241274372,-120.1249996849369
198,330.0,577.4680121781714,-134.85936854400487
199,332.0,580.7119241274372,-120.12499968493691
200,333.0,577.4680121781714,-134.85936854400487
201,335.0,575.1719911780347,-129.97505180144458
202,336.0,575.1719911780345,-129.97505180144475
203,337.0,575.060699500584,-130.46656819427926
204,338.0,580.740973111301,-120.07229870266899
205,339.0,571.4005569409824,-145.66309434454772
206,340.0,575.1719911780347,-129.97505180144464
207,341.0,571.5226374808738,-145.18336121401472
208,343.0,567.587941805118,-159.8757700338716
209,344.0,575.1719911780347,-129.97505180144458
210,345.0,575.1719911780345,-129.97505180144475
211,346.0,575.1719911780345,-129.97505180144475
212,348.0,573.5888689693552,-150.5063578974403
213,351.0,575.1719911780347,-129.97505180144466
214,355.0,580.5583578209727,-120.86499715513958
215,356.0,575.1719911780347,-129.97505180144472
216,357.0,571.6428230097813,-144.70942066051256
217,359.0,577.4680121781714,-134.8593685440048
218,360.0,580.7119241274372,-120.12499968493687
219,362.0,580.7119241274372,-120.12499968493691
220,363.0,581.1491784052259,-119.33052889757059
221,523.0,586.3327545113507,-110.30879790736452
222,524.0,586.3327545113507,-110.30879790736454
223,528.0,586.3327545113507,-110.30879790736452
224,529.0,583.3626439487813,-125.06860338919219
225,531.0,586.3327545113507,-110.30879790736452
226,532.0,583.3626439487813,-125.06860338919219
227,534.0,583.3626439487813,-125.06860338919218
228,536.0,583.4652888701321,-124.58887025865894
229,537.0,575.0661597735116,-130.442498480516
230,544.0,583.3626439487813,-125.06860338919218
231,545.0,583.1437851526092,-126.08511310429627
232,546.0,583.3626439487813,-125.06860338919215
233,551.0,586.3327545113507,-110.30879790736452
234,555.0,586.2759465327508,-110.61032693995062
235,559.0,583.3626439487813,-125.06860338919218
236,560.0,583.3931594356367,-125.01383476402712
237,563.0,575.2019548588512,-129.92281729766336
238,564.0,583.3626439487813,-125.06860338919219
239,567.0,586.3327545113507,-110.30879790736452
240,571.0,574.7919644126621,-131.64547532340958
241,575.0,580.482046242014,-121.12029375650756
242,576.0,574.9614443520684,-130.90328886272025
243,578.0,586.3327545113507,-110.30879790736451
244,580.0,586.3327545113507,-110.30879790736445
245,581.0,591.6168370468719,-100.11192444525837
246,582.0,571.4005569409824,-145.6630943445477
247,583.0,571.4005569409824,-145.66309434454774
248,585.0,580.6150327480682,-120.59244636400834
249,593.0,577.2444646195069,-135.81304222803996
250,594.0,580.6150327480682,-120.5924463640084
251,596.0,580.5780014902776,-120.65950337430365
252,602.0,574.9614443520684,-130.90328886272005
253,603.0,580.5191368476684,-121.05323674621233
254,607.0,580.5191368476684,-121.05323674621229
255,613.0,586.3327545113507,-110.30879790736445
256,615.0,583.3626439487813,-125.06860338919218
257,620.0,594.8313808285692,-103.25782165292446
258,657.0,580.5482797415234,-121.00053576394438
259,664.0,591.6590506100875,-99.72137186038245
260,665.0,591.5812019857857,-100.1821622425865
261,666.0,591.6590506100875,-99.72137186038256
262,667.0,585.81051850663,-111.77004356231919
263,670.0,591.6976102879759,-99.64524174129396
264,671.0,585.9732742769579,-110.98709121878763
265,672.0,588.9848733425351,-114.46223459388105
266,675.0,586.0603632796262,-110.52630083658352
267,676.0,591.6946262840531,-99.65113406305433
268,677.0,583.3247498180949,-125.13659823829356
269,679.0,591.4907671357591,-100.85411090594775
270,680.0,586.3365443354578,-110.30163687666101
271,681.0,589.0223683039343,-114.39199679655275
272,682.0,591.6976102879759,-99.64524174129392
273,683.0,588.9261901984214,-95.51406608081207
274,688.0,577.3603526054729,-135.3277519851037
275,690.0,577.2476974441942,-135.80748511563684
276,692.0,586.2216965018096,-110.99621574288884
277,694.0,583.2380064088442,-107.19040187131299
278,696.0,580.3930946792349,-121.74272222463372
279,701.0,580.6181011290286,-120.58688925160519
280,702.0,580.5482797415234,-121.00053576394443
281,703.0,577.3877309347462,-135.28060811523886
282,705.0,580.5191368476684,-121.05323674621243
283,711.0,580.6181011290286,-120.58688925160521
284,713.0,580.6441290061485,-120.53974538174033
285,715.0,577.2751202943317,-135.76034124577197
286,716.0,580.393094679235,-121.74272222463382
287,726.0,580.6181011290286,-120.58688925160521
288,729.0,580.5482797415234,-121.00053576394428
289,731.0,588.7994352913696,-96.39119440730015
290,735.0,580.5191368476684,-121.05323674621228
291,738.0,586.296764096299,-110.37679275646585
292,740.0,591.6198260324543,-100.10603212349794
293,741.0,593.7623749424823,-86.31932736768702
294,742.0,591.4550363411968,-100.92434870327591
295,743.0,585.9732742769579,-110.98709121878738
