,t,x,y
0,92.0,524.5179148511318,-285.04128712985346
1,93.0,513.9435330414354,-303.6933045249921
2,94.0,524.7078143924708,-292.4699073993211
3,95.0,524.1179456728254,-285.7435946720006
4,96.0,523.7881894118859,-286.3476130597175
5,99.0,523.4753609695009,-286.95143287022165
6,104.0,523.005964531379,-302.24194116252016
7,106.0,533.6958148692827,-282.9577363621817
8,107.0,533.7494189075496,-282.8984942375813
9,108.0,533.6958148692826,-282.9577363621818
10,110.0,523.4293545561151,-301.52614176082034
11,111.0,534.0444793475303,-282.2991276193088
12,112.0,523.0320675564031,-302.2147575547423
13,113.0,534.0444793475302,-282.29912761930905
14,115.0,543.4849957407313,-263.66714391614056
15,116.0,534.0444793475302,-282.29912761930893
16,117.0,523.0320675564031,-302.2147575547423
17,118.0,534.0444793475302,-282.29912761930905
18,119.0,542.5285321238833,-265.6296203507846
19,121.0,543.1878508548697,-264.28683292900485
20,122.0,542.5052003839303,-265.6568039585624
21,124.0,543.4849957407313,-263.6671439161407
22,126.0,533.7054702855287,-282.9470663627359
23,128.0,533.6712143283371,-282.9849199699596
24,129.0,532.7585007841153,-284.699507859336
25,130.0,542.8464006496058,-264.9794118001721
26,131.0,533.6958148692827,-282.9577363621817
27,132.0,543.229363854159,-264.2382608038499
28,134.0,543.229363854159,-264.23826080385004
29,135.0,543.229363854159,-264.2382608038499
30,137.0,533.7494189075497,-282.8984942375812
31,139.0,543.1878508548697,-264.28683292900473
32,140.0,533.3402247850909,-275.5665139323484
33,145.0,533.6958148692826,-282.9577363621817
34,146.0,534.3295760148183,-274.4546435049427
35,147.0,533.6958148692827,-282.95773636218166
36,151.0,533.7494189075496,-282.89849423758125
37,152.0,533.6958148692827,-282.9577363621817
38,153.0,534.3295760148183,-274.4546435049427
39,154.0,543.229363854159,-264.23826080385004
40,155.0,533.6958148692826,-282.9577363621818
41,156.0,543.229363854159,-264.23826080385
42,160.0,542.8464006496058,-264.97941180017204
43,161.0,543.1787305500678,-264.2975029284505
44,162.0,543.1787305500678,-264.29750292845046
45,164.0,543.229363854159,-264.23826080385004
46,165.0,533.7494189075496,-282.89849423758136
47,166.0,533.6958148692827,-282.9577363621817
48,167.0,543.229363854159,-264.23826080385
49,168.0,533.7494189075496,-282.89849423758136
50,170.0,533.7494189075496,-282.89849423758125
51,174.0,543.1787305500677,-264.2975029284506
52,179.0,542.5793715529917,-265.57037822618395
53,180.0,533.6958148692826,-282.9577363621818
54,182.0,533.7494189075496,-282.89849423758125
55,183.0,533.7494189075499,-282.898494237581
56,191.0,533.6958148692826,-282.9577363621817
57,193.0,543.229363854159,-264.23826080385004
58,197.0,533.7494189075497,-282.8984942375812
59,198.0,542.5793715529916,-265.570378226184
60,199.0,543.229363854159,-264.23826080385
61,207.0,542.5793715529917,-265.57037822618395
62,210.0,543.229363854159,-264.23826080385004
63,212.0,543.229363854159,-264.23826080385
64,213.0,543.229363854159,-264.2382608038499
65,214.0,543.229363854159,-264.2382608038499
66,215.0,543.1787305500678,-264.29750292845057
67,217.0,543.229363854159,-264.23826080385004
68,218.0,543.229363854159,-264.2382608038499
69,219.0,533.7494189075496,-282.89849423758136
70,222.0,543.229363854159,-264.23826080385
71,226.0,534.0444793475303,-282.2991276193088
72,227.0,543.229363854159,-264.23826080385004
73,230.0,543.229363854159,-264.23826080385
74,231.0,542.5793715529916,-265.570378226184
75,232.0,532.8371174272974,-284.6130821269576
76,233.0,543.2293638541591,-264.23826080384987
77,234.0,543.229363854159,-264.2382608038499
78,235.0,543.229363854159,-264.2382608038499
79,237.0,543.229363854159,-264.23826080385
80,238.0,543.5355318091905,-263.60790179154
81,240.0,533.7494189075496,-282.89849423758125
82,241.0,543.229363854159,-264.23826080385
83,242.0,543.229363854159,-264.2382608038499
84,246.0,532.8371174272974,-284.61308212695747
85,248.0,543.1787305500677,-264.2975029284506
86,251.0,533.7494189075496,-282.89849423758125
87,256.0,533.7494189075496,-282.89849423758125
88,258.0,543.229363854159,-264.23826080385
89,263.0,542.5793715529917,-265.57037822618395
90,264.0,543.229363854159,-264.23826080385
91,266.0,543.229363854159,-264.23826080385
92,269.0,533.7494189075496,-282.89849423758125
93,274.0,543.229363854159,-264.23826080385
94,276.0,533.7494189075496,-282.89849423758125
95,277.0,533.7494189075499,-282.898494237581
96,278.0,543.229363854159,-264.23826080385
97,288.0,543.229363854159,-264.23826080385
98,289.0,543.229363854159,-264.2382608038499
99,291.0,533.7494189075496,-282.89849423758125
100,293.0,534.0979753397046,-282.2398854947082
101,294.0,533.7494189075496,-282.8984942375813
102,295.0,543.229363854159,-264.23826080385
103,298.0,533.7494189075496,-282.89849423758125
104,299.0,532.8371174272975,-284.61308212695747
105,306.0,543.229363854159,-264.23826080385
106,309.0,543.229363854159,-264.23826080385
107,312.0,543.1787305500677,-264.2975029284506
108,314.0,533.7494189075496,-282.89849423758125
109,317.0,533.7494189075497,-282.8984942375812
110,319.0,543.5355318091905,-263.6079017915401
111,322.0,543.229363854159,-264.23826080385
112,326.0,543.229363854159,-264.23826080385
113,328.0,533.7494189075497,-282.8984942375812
114,329.0,543.5355318091905,-263.60790179154003
115,330.0,532.8371174272974,-284.6130821269575
116,332.0,543.229363854159,-264.23826080385
117,333.0,533.7494189075496,-282.89849423758136
118,334.0,543.229363854159,-264.23826080385
119,335.0,543.229363854159,-264.2382608038499
120,336.0,523.088945324964,-302.1555154301417
121,337.0,533.4907653740087,-283.3441487605698
122,338.0,533.4456212536132,-283.47093218068113
123,339.0,533.4456212536134,-283.47093218068113
124,340.0,533.4456212536134,-283.47093218068113
125,341.0,542.9551537795865,-264.8012485057867
126,342.0,533.4456212536132,-283.4709321806812
127,343.0,533.2624716463555,-283.81532122078534
128,344.0,522.4731475686629,-303.2190797026664
129,346.0,542.7946578146364,-265.1300806659433
130,347.0,542.9551537795865,-264.80124850578653
131,348.0,542.7946578146363,-265.1300806659434
132,349.0,533.2624716463556,-283.8153212207852
133,350.0,533.2624716463556,-283.8153212207852
134,351.0,542.7946578146364,-265.1300806659433
135,352.0,542.7946578146363,-265.1300806659434
136,353.0,542.7946578146363,-265.1300806659434
137,354.0,533.2624716463556,-283.8153212207852
138,355.0,523.3577702005616,-301.68964946900957
139,356.0,523.3577702005616,-301.6896494690098
140,357.0,523.3577702005616,-301.6896494690098
141,358.0,533.2624716463556,-283.8153212207852
142,359.0,533.8069785373804,-282.7898687909992
143,360.0,533.8069785373802,-282.78986879099944
144,361.0,533.8069785373802,-282.78986879099944
145,362.0,523.3577702005616,-301.68964946900974
146,363.0,523.3577702005616,-301.6896494690098
147,364.0,542.7946578146364,-265.13008066594335
148,366.0,533.8069785373802,-282.7898687909994
149,367.0,533.2624716463556,-283.8153212207852
150,368.0,542.7946578146364,-265.1300806659433
151,369.0,523.3577702005615,-301.68964946900985
152,370.0,533.2624716463556,-283.8153212207852
153,371.0,533.2624716463556,-283.8153212207852
154,372.0,533.2624716463556,-283.8153212207852
155,373.0,533.8069785373804,-282.7898687909992
156,374.0,533.8069785373802,-282.78986879099944
157,375.0,542.7946578146363,-265.13008066594347
158,376.0,533.2624716463556,-283.8153212207852
159,377.0,523.3577702005616,-301.68964946900957
160,380.0,533.8069785373802,-282.7898687909994
161,381.0,533.2087167907741,-283.8745633453859
162,382.0,542.7946578146364,-265.1300806659433
163,383.0,533.2624716463556,-283.8153212207852
164,384.0,533.7533923362477,-282.8491109155998
165,385.0,533.4456212536132,-283.4709321806812
166,388.0,533.4456212536132,-283.4709321806812
167,390.0,533.4456212536132,-283.4709321806812
168,391.0,533.4456212536134,-283.4709321806811
169,392.0,542.9551537795865,-264.8012485057867
170,393.0,533.4456212536134,-283.47093218068113
171,394.0,533.4456212536134,-283.4709321806811
172,396.0,542.9044334680167,-264.8604906303871
173,397.0,533.4456212536132,-283.47093218068113
174,398.0,533.4456212536134,-283.4709321806811
175,403.0,523.3577702005616,-301.6896494690096
176,405.0,523.558302710786,-301.3415070789928
177,406.0,542.7410716973211,-265.2397581790504
178,407.0,533.2013199392901,-283.93018973162486
179,408.0,542.7410716973211,-265.23975817905045
180,409.0,542.7410716973211,-265.23975817905045
181,410.0,542.7410716973211,-265.23975817905045
182,411.0,542.7410716973211,-265.23975817905045
183,412.0,522.6960406339937,-295.2584428601235
184,413.0,542.7410716973211,-265.23975817905034
185,414.0,533.7482242933314,-282.9007481251212
186,415.0,533.2013199392901,-283.930189731625
187,416.0,523.290815503289,-301.8057697194349
188,417.0,533.4456212536134,-283.4709321806811
189,418.0,542.7410716973211,-265.2397581790504
190,419.0,542.7946578146364,-265.13008066594335
191,420.0,533.20131993929,-283.9301897316251
192,421.0,533.8069785373804,-282.7898687909992
193,422.0,542.7946578146363,-265.1300806659434
194,423.0,533.2624716463556,-283.8153212207854
195,424.0,542.7410716973211,-265.23975817905045
196,425.0,533.2624716463557,-283.81532122078517
197,426.0,533.2013199392901,-283.930189731625
198,427.0,533.2013199392901,-283.930189731625
199,428.0,511.5430887397095,-321.31552808520695
200,429.0,522.6960406339936,-295.2584428601235
201,430.0,542.7410716973211,-265.23975817905045
202,431.0,542.7946578146364,-265.13008066594335
203,432.0,533.2849352914068,-283.73135386741734
204,433.0,542.8634309989079,-264.98923659298254
205,434.0,542.7895274156652,-265.14058375495176
206,435.0,533.3386665575716,-283.6721117428168
207,436.0,533.254740959199,-283.82984598272134
208,437.0,542.7387545860832,-265.1998258795524
209,438.0,533.3386665575716,-283.6721117428169
210,439.0,542.789527415665,-265.140583754952
211,440.0,533.3386665575716,-283.6721117428168
212,441.0,542.8634309989079,-264.98923659298254
213,442.0,542.7895274156652,-265.14058375495176
214,443.0,533.254740959199,-283.82984598272134
215,444.0,533.3386665575716,-283.67211174281687
216,445.0,542.789527415665,-265.140583754952
217,446.0,551.2272335683052,-247.12049125612964
218,447.0,543.0287681582663,-264.6502544464176
219,448.0,533.4147704455237,-283.52898069965795
220,449.0,533.4147704455238,-283.52898069965784
221,450.0,533.5213225094427,-283.3284289544785
222,451.0,533.4147704455238,-283.5289806996578
223,452.0,533.4147704455238,-283.52898069965784
224,453.0,542.9346797371861,-264.8432248797708
225,456.0,542.9346797371863,-264.84322487977056
226,457.0,542.8839529321119,-264.9024670043712
227,458.0,533.4147704455238,-283.52898069965784
228,460.0,533.4147704455238,-283.52898069965784
229,463.0,542.9346797371863,-264.84322487977056
230,464.0,533.5213225094427,-283.3284289544785
231,467.0,542.1334761616295,-266.479444330976
232,468.0,542.2098065048312,-266.3240994653529
233,469.0,543.229363854159,-264.23826080385004
234,471.0,543.5101489683182,-263.66023248581564
235,475.0,534.0444793475303,-282.2991276193088
236,477.0,543.229363854159,-264.23826080385004
237,479.0,543.229363854159,-264.23826080385
238,486.0,532.8371174272975,-284.61308212695747
239,488.0,534.0979753397046,-282.2398854947082
240,489.0,543.229363854159,-264.2382608038499
241,492.0,533.7494189075496,-282.89849423758125
242,493.0,543.229363854159,-264.23826080385
243,495.0,543.5355318091905,-263.6079017915401
244,497.0,533.7494189075496,-282.89849423758125
245,498.0,543.5101489683182,-263.6602324858156
246,500.0,534.0979753397046,-282.2398854947082
247,501.0,533.2894414983502,-275.6234604537032
248,503.0,543.5355318091905,-263.60790179154
249,505.0,543.1787305500679,-264.2975029284504
250,508.0,543.229363854159,-264.23826080385004
251,509.0,523.6472543229306,-293.5681386232068
252,511.0,543.2293638541589,-264.23826080385015
253,513.0,534.0444793475303,-282.2991276193088
254,515.0,543.5355318091906,-263.60790179153986
255,516.0,534.0979753397046,-282.2398854947083
256,521.0,533.7494189075497,-282.8984942375812
257,524.0,543.2293638541589,-264.23826080385015
258,526.0,523.2774790768426,-294.22674736607974
259,527.0,533.7494189075496,-282.89849423758136
260,528.0,543.229363854159,-264.23826080385
261,529.0,543.229363854159,-264.2382608038499
262,533.0,533.7494189075496,-282.89849423758125
263,535.0,543.5101489683182,-263.66023248581564
264,536.0,543.229363854159,-264.2382608038499
265,537.0,543.5101489683182,-263.6602324858157
266,540.0,533.7494189075496,-282.89849423758125
267,543.0,543.5355318091905,-263.6079017915401
268,544.0,533.7494189075497,-282.89849423758113
269,546.0,533.6654473473272,-274.9361549200385
270,548.0,543.2293638541589,-264.23826080385015
271,549.0,543.5101489683182,-263.6602324858157
272,551.0,543.5355318091905,-263.6079017915401
273,553.0,533.7494189075496,-282.89849423758125
274,554.0,542.897139359846,-264.92016967557146
275,557.0,543.5355318091905,-263.6079017915401
276,558.0,543.5355318091905,-263.60790179154003
277,559.0,543.229363854159,-264.23826080385004
278,561.0,534.0979753397046,-282.2398854947082
279,563.0,543.229363854159,-264.23826080385
280,567.0,534.0979753397046,-282.2398854947082
281,568.0,533.7494189075496,-282.8984942375813
282,576.0,533.7494189075496,-282.89849423758125
283,578.0,543.229363854159,-264.23826080385
284,583.0,543.5355318091905,-263.6079017915401
285,584.0,543.229363854159,-264.23826080385004
286,585.0,533.7494189075496,-282.89849423758136
287,587.0,543.5101489683182,-263.66023248581564
288,589.0,533.6958148692826,-282.9577363621817
289,590.0,543.5101489683182,-263.66023248581564
290,591.0,534.0979753397046,-282.2398854947083
291,593.0,534.0979753397046,-282.2398854947082
292,594.0,543.229363854159,-264.2382608038499
293,596.0,533.7494189075496,-282.89849423758125
294,597.0,533.7494189075499,-282.898494237581
295,602.0,534.0979753397046,-282.2398854947082
296,603.0,543.229363854159,-264.2382608038499
297,604.0,543.229363854159,-264.2382608038499
298,605.0,534.0979753397046,-282.23988549470823
299,606.0,533.7494189075496,-282.8984942375813
300,607.0,533.1997167318775,-283.9332004241198
301,611.0,533.7494189075496,-282.89849423758125
302,615.0,534.0979753397046,-282.2398854947082
303,620.0,534.0979753397046,-282.2398854947083
304,627.0,543.229363854159,-264.23826080385
305,628.0,543.229363854159,-264.2382608038499
306,629.0,533.6958148692826,-282.9577363621818
307,630.0,543.229363854159,-264.23826080385
308,631.0,534.4297352156368,-281.61118291605925
309,632.0,543.229363854159,-264.23826080385004
310,636.0,543.0441053355269,-264.6187821874611
311,637.0,533.3386665575716,-283.6721117428169
312,639.0,542.7946578146364,-265.1300806659433
313,640.0,542.7946578146363,-265.1300806659434
314,643.0,533.2624716463556,-283.8153212207853
315,645.0,533.2624716463556,-283.8153212207854
316,646.0,542.8634309989078,-264.9892365929827
317,647.0,533.5444329184664,-283.2849066359694
318,648.0,533.4456212536134,-283.47093218068113
319,649.0,533.4456212536134,-283.47093218068113
320,650.0,533.3386665575716,-283.67211174281687
321,651.0,542.8634309989079,-264.98923659298254
322,653.0,533.3386665575716,-283.67211174281687
323,654.0,511.48409151523015,-314.2812802275663
324,655.0,542.8634309989079,-264.98923659298265
325,656.0,542.7438866114387,-265.18932279054394
326,657.0,542.7895274156651,-265.1405837549519
327,658.0,542.789527415665,-265.14058375495205
328,659.0,533.2547409591991,-283.8298459827212
329,660.0,533.2624716463556,-283.8153212207852
330,661.0,533.2624716463556,-283.8153212207853
331,662.0,533.2624716463556,-283.8153212207853
332,663.0,522.5430002226801,-303.09868548761125
333,664.0,522.5430002226801,-303.0986854876112
334,665.0,533.3386665575715,-283.672111742817
335,666.0,533.2624716463556,-283.8153212207853
336,667.0,533.2624716463556,-283.8153212207853
337,668.0,533.2849352914067,-283.73135386741757
338,669.0,533.4907653740088,-283.3441487605698
339,670.0,522.8620222166587,-302.54802255103914
340,671.0,522.6274615799952,-302.9530270990677
341,672.0,533.4907653740087,-283.3441487605698
342,674.0,533.5444329184664,-283.28490663596926
343,675.0,533.5444329184664,-283.28490663596926
344,676.0,533.5444329184664,-283.28490663596926
345,678.0,533.5444329184666,-283.2849066359691
346,679.0,533.7494189075499,-282.898494237581
347,680.0,533.7494189075497,-282.89849423758125
348,681.0,543.229363854159,-264.23826080385004
349,684.0,523.0320675564031,-302.2147575547422
350,685.0,523.0600205217702,-294.6131597644677
351,686.0,522.8620222166587,-302.548022551039
352,687.0,522.8620222166588,-302.5480225510389
353,688.0,522.8620222166588,-302.5480225510389
354,689.0,522.8620222166588,-302.5480225510389
355,690.0,533.5444329184664,-283.28490663596926
356,691.0,543.0441053355268,-264.6187821874612
357,692.0,543.229363854159,-264.23826080385004
358,703.0,542.5793715529917,-265.57037822618395
359,706.0,533.1997167318775,-283.93320042411966
360,718.0,543.229363854159,-264.23826080385
361,724.0,532.8371174272974,-284.61308212695747
362,726.0,543.229363854159,-264.23826080385
363,732.0,533.1997167318775,-283.93320042411966
364,733.0,543.2293638541591,-264.23826080384987
365,734.0,543.4596048349902,-263.7194746104161
366,735.0,543.2293638541589,-264.23826080385015
367,736.0,543.4596048349902,-263.7194746104161
368,746.0,543.5101489683182,-263.6602324858157
369,747.0,543.229363854159,-264.2382608038499
370,751.0,542.5793715529917,-265.57037822618395
371,756.0,533.7494189075496,-282.89849423758125
372,763.0,533.6958148692826,-282.9577363621817
373,772.0,543.229363854159,-264.23826080385
374,774.0,543.229363854159,-264.23826080385
375,775.0,543.229363854159,-264.2382608038499
376,776.0,543.229363854159,-264.2382608038499
377,778.0,534.0979753397046,-282.2398854947082
378,779.0,533.7494189075496,-282.8984942375813
379,783.0,533.7494189075496,-282.89849423758125
380,790.0,533.7494189075496,-282.89849423758125
381,791.0,543.229363854159,-264.23826080385
382,802.0,533.7494189075497,-282.89849423758113
383,805.0,543.5101489683182,-263.66023248581564
384,807.0,542.5793715529917,-265.57037822618395
385,811.0,544.2643506780869,-262.0998222185552
386,812.0,533.4456212536134,-283.4709321806811
387,813.0,533.8069785373802,-282.78986879099926
388,814.0,533.4456212536132,-283.47093218068113
389,815.0,523.3577702005615,-301.68964946900974
390,816.0,533.8391657279121,-282.7291024301611
391,817.0,542.8227334979046,-265.07259425278323
392,818.0,533.2013199392901,-283.930189731625
393,819.0,542.7438866114387,-265.18932279054394
394,820.0,542.7946578146363,-265.13008066594347
395,821.0,542.7946578146364,-265.13008066594335
396,822.0,522.473147568663,-303.2190797026663
397,823.0,542.8634309989078,-264.98923659298265
398,824.0,533.3386665575716,-283.67211174281687
399,825.0,533.3386665575716,-283.67211174281687
400,826.0,542.8634309989079,-264.98923659298254
401,827.0,533.5213225094427,-283.32842895447834
402,828.0,533.5213225094427,-283.32842895447845
403,829.0,533.5213225094427,-283.32842895447845
404,830.0,522.8293462460839,-302.60448597125963
405,831.0,533.4147704455238,-283.52898069965784
406,832.0,542.7895274156651,-265.1405837549519
407,835.0,543.0287681582663,-264.6502544464176
408,837.0,542.3716599781602,-265.9943282827149
409,841.0,533.5213225094426,-283.3284289544786
410,842.0,533.5213225094427,-283.3284289544785
411,844.0,532.6003856918329,-285.0558355602435
412,845.0,533.1271539992691,-275.97850757491597
413,846.0,533.5213225094428,-283.3284289544783
414,847.0,542.1334761616295,-266.479444330976
415,848.0,542.7895274156651,-265.1405837549519
416,849.0,533.3386665575716,-283.67211174281687
417,850.0,533.5213225094428,-283.3284289544783
418,851.0,533.5213225094427,-283.32842895447845
419,852.0,542.9346797371863,-264.8432248797705
420,853.0,533.5213225094427,-283.3284289544785
421,854.0,523.0690245929043,-287.0101616147578
422,855.0,533.5213225094427,-283.32842895447845
423,856.0,533.5213225094427,-283.32842895447845
424,857.0,543.0287681582664,-264.6502544464174
425,858.0,533.5213225094427,-283.3284289544784
426,859.0,543.0287681582664,-264.6502544464174
427,860.0,543.0287681582664,-264.65025444641753
428,861.0,522.8417386747439,-295.00036487131536
429,862.0,533.5444329184666,-283.2849066359691
430,863.0,533.5213225094427,-283.3284289544785
431,864.0,533.3386665575716,-283.6721117428169
432,865.0,533.3386665575716,-283.67211174281687
433,866.0,522.841738674744,-295.0003648713154
434,867.0,511.4840915152301,-314.28128022756636
435,868.0,533.3386665575716,-283.6721117428169
436,869.0,533.3386665575716,-283.67211174281687
437,870.0,533.5213225094428,-283.3284289544783
438,871.0,533.3386665575716,-283.6721117428169
439,872.0,533.3386665575716,-283.67211174281687
440,873.0,533.3386665575716,-283.67211174281687
441,874.0,533.3386665575716,-283.67211174281687
442,875.0,533.3386665575716,-283.67211174281687
443,876.0,542.2098065048314,-266.3240994653528
444,877.0,542.8634309989079,-264.9892365929826
445,878.0,533.3386665575716,-283.6721117428169
446,879.0,542.8634309989079,-264.98923659298254
447,880.0,533.3386665575716,-283.6721117428169
448,882.0,533.3386665575716,-283.6721117428169
449,883.0,533.2849352914068,-283.73135386741745
450,884.0,543.0287681582664,-264.65025444641753
451,886.0,522.627461579995,-302.95302709906787
452,887.0,533.3386665575716,-283.6721117428169
453,888.0,533.3386665575716,-283.67211174281687
454,889.0,522.6274615799952,-302.9530270990677
455,891.0,533.3386665575716,-283.6721117428169
456,893.0,533.3386665575716,-283.6721117428169
457,894.0,533.3386665575716,-283.67211174281687
458,896.0,533.3386665575716,-283.6721117428169
459,897.0,533.5444329184664,-283.2849066359692
460,898.0,522.627461579995,-302.95302709906787
461,899.0,542.8634309989079,-264.9892365929826
462,900.0,533.3386665575716,-283.6721117428169
463,901.0,533.3386665575716,-283.67211174281687
464,902.0,533.3386665575716,-283.67211174281687
465,903.0,533.3386665575716,-283.67211174281687
466,904.0,543.0441053355269,-264.61878218746114
467,905.0,543.0441053355269,-264.618782187461
468,906.0,522.8620222166588,-302.54802255103885
469,907.0,523.088945324964,-302.15551543014163
470,908.0,533.5444329184664,-283.2849066359692
471,910.0,533.5444329184664,-283.2849066359692
472,912.0,522.8620222166587,-302.5480225510391
473,913.0,522.8620222166587,-302.54802255103914
474,914.0,543.0441053355269,-264.61878218746097
475,915.0,533.2849352914067,-283.7313538674176
476,916.0,533.2849352914067,-283.7313538674176
477,917.0,533.3386665575716,-283.6721117428169
478,918.0,522.6274615799952,-302.9530270990677
479,919.0,533.3386665575716,-283.6721117428169
480,920.0,522.5320694088896,-303.11752945895614
481,921.0,533.5213225094426,-283.3284289544786
482,922.0,533.3386665575716,-283.6721117428169
483,923.0,533.3386665575716,-283.67211174281687
484,925.0,533.3386665575716,-283.67211174281687
485,926.0,522.8620222166587,-302.5480225510391
486,927.0,533.3386665575715,-283.67211174281704
487,928.0,533.3386665575716,-283.67211174281687
488,930.0,533.3386665575716,-283.6721117428169
489,931.0,542.8634309989079,-264.98923659298254
490,932.0,533.3386665575716,-283.6721117428169
491,933.0,542.158850061094,-266.3833415899533
492,934.0,533.3386665575716,-283.6721117428169
493,935.0,522.5704431711773,-303.0122692236682
494,936.0,522.627461579995,-302.9530270990678
495,937.0,532.4212463467217,-285.3902883152146
496,941.0,533.4907653740087,-283.34414876056985
497,945.0,543.229363854159,-264.23826080385
498,946.0,533.2894414983501,-275.6234604537033
499,948.0,543.7850118850647,-263.04783638220187
500,951.0,543.45960483499,-263.7194746104162
501,953.0,533.3402247850908,-275.56651393234847
502,956.0,524.2033813430647,-285.61931544788786
503,957.0,543.229363854159,-264.23826080385004
504,958.0,543.4849957407313,-263.66714391614056
505,959.0,524.2033813430647,-285.6193154478878
506,960.0,543.5101489683182,-263.6602324858157
507,961.0,543.5355318091905,-263.6079017915401
508,963.0,543.1787305500677,-264.2975029284506
509,964.0,543.2293638541589,-264.23826080385015
510,967.0,543.5101489683182,-263.66023248581564
511,968.0,543.5355318091905,-263.6079017915401
512,969.0,543.5101489683182,-263.6602324858156
513,971.0,533.3402247850908,-275.56651393234847
514,975.0,543.1787305500679,-264.2975029284504
515,977.0,542.5793715529917,-265.57037822618395
516,985.0,533.7494189075497,-282.89849423758113
517,986.0,533.6147622824352,-274.9931014413935
518,988.0,532.5988436426113,-276.95557787603724
519,991.0,523.4861112290976,-301.46689963621986
520,992.0,534.0979753397046,-282.23988549470823
521,994.0,523.6472543229306,-293.5681386232068
522,995.0,523.2774790768426,-294.2267473660796
523,996.0,543.5101489683182,-263.6602324858156
524,998.0,523.6472543229306,-293.56813862320683
525,1000.0,512.3942733691849,-312.7951527647181
526,1001.0,523.4861112290977,-301.46689963621975
527,1005.0,543.5355318091905,-263.6079017915401
528,1014.0,523.5935730506491,-293.6250851445616
529,1018.0,512.3372759602735,-312.8520992860731
530,1019.0,523.5935730506491,-293.6250851445616
531,1020.0,523.593573050649,-293.62508514456164
532,1025.0,501.05374462805395,-323.8815754297249
533,1026.0,523.6472543229305,-293.5681386232069
