,t,x,y
0,0.0,354.80710106963267,-8.428579617303575
1,1.0,353.4284462676613,-14.114752007426114
2,2.0,353.63755802592783,-7.167315317664855
3,3.0,353.54912871327645,-10.672696073973096
4,4.0,354.7044677839644,-11.994184336432495
5,5.0,353.5491287132764,-10.672696073973059
6,6.0,354.87300783602836,-4.926279855216399
7,7.0,354.80710106963267,-8.428579617303555
8,8.0,353.54912871327645,-10.672696073973032
9,9.0,354.7044677839644,-11.994184336432495
10,10.0,354.7044677839644,-11.994184336432477
11,11.0,353.5491287132764,-10.672696073973059
12,12.0,354.8726347680571,-4.953081523548499
13,13.0,353.2647650051181,-17.745384224720887
14,14.0,353.6088733060272,-7.309672347805988
15,15.0,353.6132976370621,-7.09241318824513
16,16.0,353.3957365726296,-14.28705578063054
17,17.0,354.8447926240893,-5.09264279841272
18,18.0,354.77716365918707,-8.598023554720925
19,19.0,354.846501094213,-4.972175006957948
20,20.0,354.77944053953206,-8.50355417233299
21,21.0,354.846501094213,-4.972175006957942
22,22.0,354.67270886355135,-12.166817599343272
23,23.0,354.6966670249495,-12.222697132543656
24,24.0,354.7001595190239,-12.120922447601773
25,25.0,354.67270886355135,-12.166817599343393
26,26.0,354.67270886355135,-12.166817599343343
27,27.0,354.7001595190239,-12.120922447601803
28,28.0,354.67270886355135,-12.166817599343393
29,29.0,354.78013633868227,-8.474474769045091
30,30.0,354.67270886355135,-12.16681759934332
31,31.0,354.67270886355135,-12.166817599343343
32,32.0,354.846501094213,-4.97217500695791
33,33.0,354.67270886355135,-12.166817599343272
34,34.0,354.77716365918707,-8.598023554720907
35,35.0,354.67270886355135,-12.166817599343354
36,36.0,353.5256972952466,-10.594712950332333
37,37.0,354.67270886355135,-12.166817599343345
38,38.0,354.67270886355135,-12.166817599343343
39,39.0,354.67270886355135,-12.166817599343343
40,40.0,354.52940370121235,-15.800752335504338
41,41.0,354.84650109421307,-4.9721750069579125
42,42.0,353.3998111957038,-10.923077760197703
43,43.0,354.67270886355135,-12.166817599343352
44,44.0,354.67270886355135,-12.166817599343343
45,45.0,354.67270886355135,-12.166817599343343
46,46.0,354.80710106963267,-8.428579617303578
47,47.0,354.77716365918707,-8.598023554720914
48,48.0,354.77716365918707,-8.59802355472092
49,49.0,353.2987410744521,-14.446936229104809
50,50.0,354.846501094213,-4.972175006957898
51,51.0,354.77716365918707,-8.59802355472095
52,52.0,354.846501094213,-4.972175006957948
53,53.0,354.77944053953206,-8.50355417233299
54,54.0,354.78013633868227,-8.474474769045075
55,55.0,354.77716365918707,-8.598023554720905
56,56.0,354.77716365918707,-8.59802355472092
57,57.0,353.3998111957038,-10.923077760197684
58,58.0,354.87803019613847,-1.5315179443263747
59,59.0,354.78013633868227,-8.474474769045127
60,60.0,354.67270886355135,-12.16681759934332
61,61.0,354.779440539532,-8.50355417233303
62,62.0,354.804144597524,-8.552128402979449
63,63.0,353.2714619559682,-14.491871804820105
64,64.0,354.77716365918707,-8.59802355472096
65,65.0,354.7824882270929,-8.375434943800204
66,66.0,353.5491287132764,-10.672696073973048
67,67.0,354.7801363386822,-8.474474769045102
68,68.0,353.2714619559682,-14.491871804820136
69,69.0,354.77716365918707,-8.59802355472096
70,70.0,354.846501094213,-4.972175006957948
71,71.0,354.77716365918707,-8.59802355472095
72,72.0,354.67270886355135,-12.166817599343354
73,73.0,354.67596485013996,-12.071529345010038
74,74.0,354.77716365918707,-8.598023554720937
75,75.0,354.67270886355135,-12.166817599343354
76,76.0,354.67270886355135,-12.166817599343343
77,77.0,354.67270886355135,-12.166817599343343
78,78.0,354.78013633868227,-8.474474769045091
79,79.0,354.6357311693989,-12.22861984376255
80,80.0,354.804144597524,-8.552128402979381
81,81.0,354.8447926240893,-5.09264279841272
82,82.0,354.8461245318949,-4.9989766752900815
83,83.0,353.2714619559682,-14.49187180482013
84,84.0,354.87300783602836,-4.926279855216351
85,85.0,354.77716365918707,-8.598023554720942
86,86.0,353.3998111957038,-10.923077760197684
87,87.0,353.6132976370621,-7.0924131882451125
88,88.0,354.67270886355135,-12.166817599343387
89,89.0,354.846501094213,-4.97217500695791
90,90.0,354.77944053953206,-8.50355417233299
91,91.0,353.2714619559682,-14.491871804820118
92,92.0,354.67703386182706,-12.040079488174058
93,93.0,353.40271846933274,-10.82860837780978
94,94.0,354.77716365918707,-8.598023554720939
95,95.0,354.77716365918707,-8.59802355472092
96,96.0,354.846501094213,-4.972175006957948
97,97.0,353.5219730878813,-10.718261736008168
98,98.0,354.67270886355135,-12.166817599343368
99,99.0,354.87803019613847,-1.5315179443263727
100,100.0,353.3998111957038,-10.923077760197675
101,101.0,354.77944053953206,-8.50355417233305
102,102.0,354.8064090848602,-8.457659020591501
103,103.0,354.67596485013996,-12.071529345010081
104,104.0,354.77716365918707,-8.598023554720937
105,105.0,354.67596485013996,-12.07152934501003
106,106.0,354.846501094213,-4.972175006957902
107,107.0,354.846501094213,-4.97217500695789
108,108.0,354.78013633868227,-8.474474769045145
109,109.0,354.67270886355135,-12.16681759934332
110,110.0,354.77716365918707,-8.598023554720907
111,111.0,354.67703386182706,-12.040079488174012
112,112.0,354.67270886355135,-12.16681759934333
113,113.0,354.68041216959614,-11.94014599201122
114,114.0,354.846501094213,-4.972175006957956
115,115.0,354.7001595190239,-12.120922447601785
116,116.0,354.67270886355135,-12.166817599343393
117,117.0,354.67596485013996,-12.071529345010038
118,118.0,354.67270886355135,-12.166817599343384
119,119.0,354.8447926240893,-5.092642798412688
120,120.0,354.8447926240893,-5.092642798412737
121,121.0,354.67596485013996,-12.07152934501002
122,122.0,354.77716365918707,-8.598023554720937
123,123.0,354.67270886355135,-12.166817599343354
124,124.0,354.779440539532,-8.50355417233303
125,125.0,354.8107947038394,-5.033977251377109
126,126.0,354.87803019613847,-1.531517944326398
127,127.0,354.67270886355135,-12.166817599343316
128,128.0,354.846501094213,-4.97217500695791
129,129.0,354.804144597524,-8.55212840297937
130,130.0,353.2714619559682,-14.491871804820105
131,131.0,354.87300783602836,-4.926279855216351
132,132.0,354.804144597524,-8.55212840297936
133,133.0,354.846501094213,-4.972175006957908
134,134.0,354.77716365918707,-8.59802355472095
135,135.0,354.77944053953206,-8.503554172333002
136,136.0,354.8779231247236,-1.556130389109058
137,137.0,354.8478629971181,-4.874011641722452
138,138.0,354.779440539532,-8.503554172333017
139,139.0,354.52940370121235,-15.800752335504367
140,140.0,354.77716365918707,-8.598023554720921
141,141.0,354.77944053953206,-8.503554172333002
142,142.0,354.67596485013996,-12.071529345010058
143,143.0,353.3998111957038,-10.923077760197698
144,144.0,354.7001595190239,-12.120922447601806
145,145.0,354.779440539532,-8.50355417233305
146,146.0,354.77716365918707,-8.598023554720895
147,147.0,354.77716365918707,-8.59802355472092
148,148.0,354.8064090848602,-8.457659020591475
149,149.0,354.846501094213,-4.97217500695789
150,150.0,354.8478629971181,-4.87401164172247
151,151.0,353.4036082934679,-10.799528974521847
152,152.0,354.7801363386822,-8.474474769045141
153,153.0,354.77716365918707,-8.598023554720905
154,154.0,354.77716365918707,-8.59802355472092
155,155.0,354.7001595190239,-12.120922447601847
156,156.0,354.53367468479524,-15.704629177440555
157,157.0,354.846501094213,-4.9721750069579
158,158.0,353.3998111957038,-10.923077760197703
159,159.0,354.77944053953206,-8.50355417233305
160,160.0,354.77944053953206,-8.503554172332974
161,161.0,354.8064090848602,-8.457659020591501
162,162.0,354.779440539532,-8.503554172333033
163,163.0,354.635731169399,-12.228619843762504
164,164.0,354.84650109421307,-4.972175006957902
165,165.0,353.51961564842105,-7.252293636719363
166,166.0,354.67270886355135,-12.16681759934331
167,167.0,354.804144597524,-8.552128402979365
168,168.0,354.846501094213,-4.972175006957908
169,169.0,353.49528091877283,-7.199065847199209
170,170.0,354.77716365918707,-8.598023554720898
171,171.0,354.77716365918707,-8.59802355472092
172,172.0,354.77944053953206,-8.503554172333002
173,173.0,354.846501094213,-4.972175006957942
174,174.0,353.3998111957038,-10.923077760197703
175,175.0,354.77944053953206,-8.50355417233305
176,176.0,353.4932681491058,-7.297229212434634
177,177.0,353.3998111957038,-10.923077760197737
178,178.0,353.4932681491058,-7.297229212434717
179,179.0,354.77716365918707,-8.598023554720944
180,180.0,354.846501094213,-4.972175006957948
181,181.0,354.77944053953206,-8.50355417233299
182,182.0,353.2753579900363,-14.396583550486827
183,183.0,354.8370979227225,-5.105955350522419
184,184.0,353.6132976370621,-7.092413188245138
185,185.0,354.8107947038394,-5.033977251377073
186,186.0,353.52482462567946,-10.623792353620264
187,187.0,354.84650109421307,-4.972175006957898
188,188.0,354.77716365918707,-8.59802355472095
189,189.0,354.740818602069,-8.659825799140151
190,190.0,354.846501094213,-4.97217500695797
191,191.0,354.846501094213,-4.97217500695789
192,192.0,353.40271846933274,-10.828608377809779
193,193.0,353.6132976370621,-7.092413188245189
194,194.0,354.6680045318197,-12.084841897119844
195,195.0,354.84650109421307,-4.972175006957861
196,196.0,353.6132976370621,-7.092413188245156
197,197.0,353.52482462567946,-10.623792353620283
198,198.0,353.6399790681854,-7.04684752621006
199,199.0,353.6132976370621,-7.092413188245139
200,200.0,353.3957365726296,-14.28705578063054
201,201.0,353.52482462567946,-10.623792353620287
202,202.0,353.6152528667331,-6.994249823009685
203,203.0,353.66556415318314,-3.6517561256136086
204,204.0,353.6132976370621,-7.092413188245152
205,205.0,353.5219730878813,-10.718261736008136
206,206.0,353.5219730878813,-10.718261736008133
207,207.0,353.5219730878813,-10.718261736008133
208,208.0,353.3957365726296,-14.287055780630622
209,209.0,353.6132976370621,-7.0924131882451675
210,210.0,353.61086088886316,-7.212880979699925
211,211.0,353.5145635024862,-10.730692298583204
212,212.0,353.69277709455514,-3.5088867957827734
213,213.0,353.4233620102189,-14.24149011859548
214,214.0,353.6905809537014,-3.723680979554684
215,215.0,353.5219730878813,-10.718261736008134
216,216.0,353.6132976370621,-7.092413188245153
217,217.0,353.5256972952466,-10.594712950332354
218,218.0,353.6132976370621,-7.092413188245144
219,219.0,353.48587181273575,-10.778817042376614
220,220.0,353.6132976370621,-7.0924131882451675
221,221.0,353.5219730878813,-10.718261736008136
222,222.0,353.60601742735753,-7.104843750820162
223,223.0,353.57782666586706,-7.152968494613618
224,224.0,353.39957601144596,-14.19176752629727
225,225.0,353.61086088886316,-7.212880979699945
226,226.0,353.5219730878813,-10.718261736008145
227,227.0,353.5219730878813,-10.718261736008133
228,228.0,353.52482462567946,-10.623792353620248
229,229.0,353.61086088886316,-7.2128809796999915
230,230.0,353.6132976370621,-7.092413188245123
231,231.0,353.5219730878813,-10.718261736008136
232,232.0,353.5219730878813,-10.718261736008133
233,233.0,353.5219730878813,-10.718261736008133
234,234.0,353.61086088886316,-7.212880979699918
235,235.0,353.5219730878813,-10.718261736008145
236,236.0,353.5219730878813,-10.718261736008133
237,237.0,354.846501094213,-4.97217500695788
238,238.0,353.6107051462253,-7.22051221033379
239,239.0,353.3957365726296,-14.287055780630574
240,240.0,354.77716365918707,-8.598023554720896
241,241.0,352.24901782019765,-9.40453985192011
242,242.0,353.6399790681854,-7.046847526210036
243,243.0,353.61525286673304,-6.994249823009696
244,244.0,353.6132976370621,-7.092413188245101
245,245.0,353.66556415318314,-3.651756125613602
246,246.0,353.42718886387314,-14.1462018642622
247,247.0,353.5219730878813,-10.7182617360082
248,248.0,353.3957365726296,-14.287055780630622
249,249.0,353.5797989034857,-7.054805129378171
250,250.0,353.52482462567946,-10.623792353620258
251,251.0,353.5219730878813,-10.718261736008161
252,252.0,353.5219730878813,-10.718261736008133
253,253.0,353.5219730878813,-10.718261736008133
254,254.0,353.61086088886316,-7.212880979699918
255,255.0,353.5219730878813,-10.718261736008145
256,256.0,353.6132976370621,-7.092413188245153
257,257.0,353.6132976370621,-7.0924131882451595
258,258.0,353.6132976370621,-7.0924131882451595
259,259.0,353.3881988067523,-14.299486343205608
260,260.0,353.5219730878813,-10.718261736008216
261,261.0,353.60797614807063,-7.006680385584732
262,262.0,353.66556415318314,-3.6517561256136473
263,263.0,353.52482462567946,-10.623792353620292
264,264.0,353.5219730878813,-10.718261736008161
265,265.0,353.48587181273575,-10.778817042376648
266,266.0,353.5145635024862,-10.730692298583204
267,267.0,354.9040896477806,-1.4856227925849192
268,268.0,353.5219730878813,-10.718261736008207
269,269.0,353.6132976370621,-7.092413188245153
270,270.0,353.61086088886316,-7.212880979699925
271,271.0,353.5219730878813,-10.718261736008145
272,272.0,353.6132976370621,-7.092413188245153
273,273.0,353.5219730878813,-10.718261736008136
274,274.0,353.35901081497707,-14.347611086999033
275,275.0,353.3957365726296,-14.287055780630585
276,276.0,353.6132976370621,-7.0924131882451675
277,277.0,353.6399790681854,-7.046847526210036
278,278.0,353.61086088886316,-7.212880979699934
279,279.0,354.6647448954504,-12.180130151453087
280,280.0,353.3957365726296,-14.287055780630512
281,281.0,353.39204167922674,-14.204198088872365
282,282.0,353.5219730878813,-10.718261736008188
283,283.0,353.5219730878813,-10.718261736008133
284,284.0,353.5145635024862,-10.730692298583243
285,285.0,353.5219730878813,-10.718261736008191
286,286.0,353.3881988067523,-14.299486343205634
287,287.0,353.5219730878813,-10.718261736008216
288,288.0,353.6399790681854,-7.046847526210063
289,289.0,353.5219730878813,-10.718261736008209
290,290.0,354.8478629971181,-4.874011641722441
291,291.0,353.5219730878813,-10.718261736008214
292,292.0,353.5174184218329,-10.63622291619529
293,293.0,353.52865150683556,-10.495673125087462
294,294.0,353.2714619559682,-14.49187180482006
295,295.0,353.52482462567946,-10.623792353620274
296,296.0,353.54912871327645,-10.672696073973055
297,297.0,353.61086088886316,-7.212880979699929
298,298.0,354.87843678154655,-1.4342142765306487
299,299.0,353.61086088886316,-7.21288097969996
300,300.0,353.5174184218328,-10.636222916195292
301,301.0,353.52482462567946,-10.623792353620276
302,302.0,353.6399790681854,-7.04684752621006
303,303.0,353.5519678568707,-10.578226691585174
304,304.0,353.5219730878813,-10.718261736008184
305,305.0,353.6419215022949,-6.948684160974588
306,306.0,353.6905809537014,-3.7236809795546617
307,307.0,353.399576011446,-14.191767526297284
308,308.0,354.77716365918707,-8.598023554720942
309,309.0,353.5219730878813,-10.718261736008143
310,310.0,353.5174184218329,-10.63622291619529
311,311.0,353.52482462567946,-10.623792353620276
312,312.0,353.3628669822515,-14.252322832665692
313,313.0,353.52482462567946,-10.623792353620285
314,314.0,353.5248246256794,-10.623792353620273
315,315.0,353.6132976370621,-7.092413188245169
316,316.0,353.5145635024862,-10.730692298583206
317,317.0,353.48873982508036,-10.684347659988685
318,318.0,353.52482462567946,-10.623792353620233
319,319.0,353.5145635024862,-10.730692298583184
320,320.0,353.52482462567946,-10.623792353620253
321,321.0,353.66655547042524,-3.554452457817896
322,322.0,353.6132976370621,-7.092413188245188
323,323.0,353.5219730878813,-10.718261736008136
324,324.0,354.7431121738539,-8.565356416752204
325,325.0,353.39957601144596,-14.191767526297241
326,326.0,353.6132976370621,-7.092413188245127
327,327.0,353.52482462567946,-10.623792353620283
328,328.0,353.66556415318314,-3.651756125613632
329,329.0,353.3957365726296,-14.287055780630572
330,330.0,353.52482462567946,-10.623792353620287
331,331.0,353.60601742735753,-7.10484375082018
332,332.0,353.5256972952466,-10.594712950332402
333,333.0,353.54912871327645,-10.672696073973045
334,334.0,353.6584059533639,-3.664186688188717
335,335.0,353.6132976370621,-7.09241318824517
336,336.0,353.39204167922674,-14.204198088872314
337,337.0,353.52482462567946,-10.623792353620273
338,338.0,353.39957601144596,-14.191767526297339
