,t,x,y
0,0.0,412.31862993420094,-176.4083561680226
1,1.0,412.66164029324773,-138.37366462193359
2,2.0,410.51179678966764,-111.33315448030864
3,3.0,412.2838761590304,-114.27400253110146
4,4.0,411.56245726905775,-124.31840005899627
5,5.0,411.6465941796257,-117.29067187991508
6,6.0,412.27988208534583,-120.82107915222602
7,7.0,411.24218212848166,-114.69713551383646
8,8.0,410.51179678966764,-104.63166180194536
9,9.0,413.73853708027053,-142.23849308773168
10,10.0,411.23437327096974,-123.29049910091474
11,11.0,412.6551713132061,-131.93155592320807
12,12.0,413.3790651095358,-142.3331344071432
13,13.0,412.27988208534583,-135.06682572405268
14,14.0,412.2148763830261,-104.63051440386042
15,15.0,411.56245726905775,-112.64676151220836
16,16.0,411.239684659682,-107.619433505785
17,17.0,410.55035752937135,-104.26517352719601
18,18.0,411.4844910442121,-87.33329124729778
19,19.0,413.38555665202006,-123.48042104003468
20,20.0,412.2863736278301,-134.85415640407382
21,21.0,411.60120511791285,-123.7799728046464
22,22.0,411.23437327096974,-107.35432761321648
23,23.0,413.3790651095358,-135.44027389031646
24,24.0,413.0195261880761,-138.8133448325209
25,25.0,413.34977804594894,-150.3614034471597
26,26.0,410.5610549109726,-119.1150152126989
27,27.0,412.20838484054184,-91.29432110191466
28,28.0,411.5559882890161,-112.85547642499785
29,29.0,411.24218212848166,-107.72536795226958
30,30.0,412.3223382258513,-121.70404859590785
31,31.0,413.3777477945082,-142.23399359409382
32,32.0,414.36507856475816,-136.83570132761378
33,33.0,411.5947361378712,-124.72151180823879
34,34.0,410.957881542873,-119.2704712864127
35,35.0,410.59814748385395,-109.4592504946472
36,36.0,412.66164029324773,-124.95617670022177
37,37.0,412.3251214766852,-127.29633356526601
38,38.0,411.60120511791285,-123.38770805224503
39,39.0,412.3251214766852,-119.88162657299371
40,40.0,411.64349085887557,-124.01809674427602
41,41.0,412.3223382258513,-121.30868006008905
42,42.0,411.2849712697449,-115.4297797159659
43,43.0,412.6539824801122,-132.27826780964847
44,44.0,412.66164029324773,-138.58990067291182
45,45.0,411.23437327096974,-114.6750776149346
46,46.0,413.38555665202006,-135.385491845383
47,47.0,412.2863736278301,-134.8058521927594
48,48.0,413.42883988629364,-142.6958476969976
49,49.0,414.46245343904286,-166.7307366535041
50,50.0,413.42883988629364,-158.4772983407546
51,51.0,412.2863736278301,-135.16783536599002
52,52.0,413.2620426779074,-116.62458608814968
53,53.0,413.38555665202006,-136.4642628771199
54,54.0,412.3251214766852,-134.3084965237686
55,55.0,410.5182657697093,-110.78450789890839
56,56.0,413.38555665202006,-128.40944048086996
57,57.0,413.38555665202006,-149.1379105083132
58,58.0,414.36507856475816,-136.8718129216034
59,59.0,413.33880948874173,-143.54251920035966
60,60.0,412.66164029324773,-145.8735740762704
61,61.0,414.454644581531,-159.33853472477608
62,62.0,412.32828117638053,-142.9257581301972
63,63.0,411.56245726905775,-123.9609671501119
64,64.0,413.7320681002289,-148.73662544181906
65,65.0,412.3251214766852,-136.01604616539885
66,66.0,413.33880948874173,-142.26086100144227
67,67.0,414.454644581531,-166.59244273048716
68,68.0,413.34661834625365,-158.2729336826999
69,69.0,412.6539824801122,-145.89480297143626
70,70.0,412.3173126191733,-127.24851237062377
71,71.0,412.3251214766852,-126.85767793750672
72,72.0,412.3251214766852,-126.89378953149632
73,73.0,414.4656131387382,-158.99199820243922
74,74.0,412.3251214766852,-142.99982143862482
75,75.0,413.38555665202006,-141.72320351604088
76,76.0,413.38555665202006,-149.1379105083132
77,77.0,411.5947361378712,-130.85456060159368
78,78.0,413.38555665202006,-134.815331671691
79,79.0,414.46245343904286,-166.36875348027348
80,80.0,412.3223382258513,-144.0357771508286
81,81.0,412.3251214766852,-127.42263540654405
82,82.0,413.34661834625365,-142.27891679843705
83,83.0,412.3251214766852,-134.58635316496668
84,84.0,412.3251214766852,-126.89378953149632
85,85.0,413.38555665202006,-141.72320351604088
86,86.0,413.42883988629364,-149.8618768547745
87,87.0,414.454644581531,-166.71268085650928
88,88.0,412.2863736278301,-143.38516208474994
89,89.0,413.42883988629364,-142.6958476969976
90,90.0,411.5935473047773,-131.1495155189242
91,91.0,412.6566631359538,-111.85983094903102
92,92.0,412.3173126191733,-127.37800112676487
93,93.0,412.74059447724665,-144.68594692566526
94,94.0,413.38555665202006,-155.13562051554112
95,95.0,413.3777477945082,-149.1198547113184
96,96.0,413.3777477945082,-149.08374311732882
97,97.0,411.60120511791285,-130.7663034505277
98,98.0,413.730879267135,-148.42091935142352
99,99.0,411.24218212848166,-123.27878950026204
100,100.0,413.2620426779074,-110.074308176986
101,101.0,411.26983674455397,-109.63080609571645
102,102.0,412.95042654218764,-123.29819585118258
103,103.0,412.3251214766852,-126.97107424745614
104,104.0,413.38555665202006,-141.72320351604088
105,105.0,413.38555665202006,-149.1379105083132
106,106.0,412.2863736278301,-134.8058521927594
107,107.0,412.69726571438576,-139.17488351892254
108,108.0,413.38555665202006,-142.45796532539373
109,109.0,411.5935473047773,-130.78753234569356
110,110.0,412.2863736278301,-120.34921684433706
111,111.0,413.42883988629364,-142.6958476969976
112,112.0,413.73853708027053,-163.22465517425277
113,113.0,411.7224450428745,-139.5409987468911
114,114.0,413.3777477945082,-148.01805207228958
115,115.0,412.66164029324773,-145.59571743507232
116,116.0,414.46245343904286,-159.3565905217709
117,117.0,412.3173126191733,-142.90586221275396
118,118.0,412.74059447724665,-144.68594692566526
119,119.0,413.38555665202006,-155.13562051554112
120,120.0,412.3173126191733,-134.2904407267738
121,121.0,413.092595566014,-131.31403722907265
122,122.0,410.91149811793645,-134.6262198693573
123,123.0,413.38555665202006,-140.50775959810602
124,124.0,368.20976695977333,-207.43289974729706
125,125.0,409.86858609578644,-79.33817616996866
126,126.0,410.84128035033086,-95.93603987317373
127,127.0,370.9312637424293,-170.05438443307207
128,128.0,411.97302231355843,-108.1093329633255
129,129.0,412.78387771152023,-151.81436962069213
130,130.0,410.91277759513486,-140.5034359337708
131,131.0,409.8749421946694,-112.49960193302698
132,132.0,411.2784797272607,-107.17491879640144
133,133.0,410.9191336940179,-120.76468293867399
134,134.0,413.3830591832204,-140.63331780070138
135,135.0,412.3251214766852,-134.49315502703365
136,136.0,410.91277759513486,-126.77680373692246
137,137.0,412.01196061932484,-140.12885695984244
138,138.0,411.9793784124414,-147.7494944628464
139,139.0,411.6390046283615,-136.74690908690752
140,140.0,410.9191336940179,-133.16032178248759
141,141.0,410.91277759513486,-125.69010684875813
142,142.0,409.86858609578644,-112.69624282196122
143,143.0,409.8749421946694,-106.0448599736284
144,144.0,410.9191336940179,-118.94320592161762
145,145.0,412.01196061932484,-139.87887910962164
146,146.0,410.9191336940179,-132.76618691313126
147,147.0,410.9191336940179,-125.54124287218517
148,148.0,410.9191336940179,-125.58900191158904
149,149.0,410.9191336940179,-125.54124287218517
150,150.0,410.95152544398996,-125.14498320388476
151,151.0,409.86858609578644,-112.30426105981809
152,152.0,410.9629071495509,-119.73019815267837
153,153.0,411.2356905859974,-113.62326786771716
154,154.0,410.957881542873,-120.0829345404541
155,155.0,411.6788065726526,-129.6480913639938
156,156.0,411.6350331171195,-137.17121153742318
157,157.0,411.2849712697449,-121.3104064163354
158,158.0,414.0797709064997,-140.10638873162372
159,159.0,411.2849712697449,-130.28960124265444
160,160.0,409.9113752370497,-108.26654866183915
161,161.0,411.9793784124414,-134.21867156786266
162,162.0,412.2863736278301,-133.65281603249002
163,163.0,411.24218212848166,-114.53926721265509
164,164.0,410.95152544398996,-119.97784799126337
165,165.0,410.55458593093095,-110.17001078029955
166,166.0,410.91277759513486,-113.84835194162632
167,167.0,412.36740721764795,-126.54417313089344
168,168.0,410.91277759513486,-127.04423010705541
169,169.0,412.33014708336316,-126.94816342517194
170,170.0,409.9135029343731,-113.6855620910778
171,171.0,410.63363075903436,-109.94814726966554
172,172.0,412.0615999524814,-141.8217029026028
173,173.0,412.33014708336316,-134.4178060449209
174,174.0,413.0227437923643,-131.94103340210523
175,175.0,411.2849712697449,-122.87795208400296
176,176.0,412.2895333275254,-121.40851696397885
177,177.0,410.95655105066794,-127.6861762934952
178,178.0,410.9191336940179,-125.91643738989629
179,179.0,412.20838484054184,-103.09653534614505
180,180.0,409.86858609578644,-102.45090137280563
181,181.0,409.9113752370497,-106.70800516224158
182,182.0,410.91277759513486,-119.52754085884693
183,183.0,411.28074286818537,-112.85604593014034
184,184.0,411.2784797272607,-108.37854242017615
185,185.0,412.2895333275254,-121.51808105384575
186,186.0,411.2356905859974,-114.66995268646461
187,187.0,413.0130117517832,-125.10526779678582
188,188.0,409.9113752370497,-122.25151519085215
189,189.0,410.99381118495273,-119.51726995423942
190,190.0,410.9191336940179,-125.71443330627831
191,191.0,413.3790651095358,-140.73960237105644
192,192.0,410.95152544398996,-133.8525785706812
193,193.0,409.86858609578644,-112.30426105981809
194,194.0,410.95655105066794,-119.73577607456103
195,195.0,410.5972199537082,-116.53018297191659
196,196.0,411.97302231355843,-141.36068526543207
197,197.0,412.9844907573939,-115.12170940673985
198,198.0,413.0582740369312,-127.48309887473062
199,199.0,412.2838761590304,-135.17957822038548
200,200.0,412.3609156751637,-128.0122966062212
201,201.0,412.2838761590304,-127.90823288800203
202,202.0,412.20838484054184,-104.71208665087755
203,203.0,410.59084161777105,-106.12052253226058
204,204.0,409.86858609578644,-113.4374392538248
205,205.0,411.53393627466846,-93.61976968248459
206,206.0,412.2863736278301,-109.30792253488566
207,207.0,411.2849712697449,-115.10130746409914
208,208.0,411.2784797272607,-108.88683172359092
209,209.0,410.95152544398996,-120.32066423096973
210,210.0,411.97302231355843,-140.29258848009545
211,211.0,412.3173126191733,-133.24407848907748
212,212.0,411.24534182817695,-114.29242949860812
213,213.0,410.91277759513486,-120.50333911324765
214,214.0,412.3333067830585,-126.98611513960996
215,215.0,411.239684659682,-115.0237795277056
216,216.0,410.91277759513486,-120.61209418763664
217,217.0,412.31862993420094,-125.87303053203075
218,218.0,410.9191336940179,-126.78526288962028
219,219.0,412.3649097488483,-126.4342925081878
220,220.0,411.24218212848166,-114.79044222744024
221,221.0,411.6801593019118,-123.59104445844197
222,222.0,411.9728813864009,-124.23421616657978
223,223.0,411.60651212273024,-109.44645307913267
224,224.0,411.24218212848166,-109.42862862329712
225,225.0,410.62940235747476,-110.639000422224
226,226.0,409.9135029343731,-112.84859335931951
227,227.0,412.2895333275254,-119.56485293790432
228,228.0,409.86858609578644,-114.00082917796652
229,229.0,410.6357806934119,-109.30462302259062
230,230.0,410.9191336940179,-126.14453955262027
231,231.0,410.63363075903436,-116.77496413874981
232,232.0,409.9135029343731,-113.30912362333042
233,233.0,409.9113752370497,-106.23075813432803
234,234.0,411.64141145305666,-123.04520137426039
235,235.0,412.69527783554304,-151.58058433605075
236,236.0,410.63363075903436,-131.71103235074509
237,237.0,410.5972199537082,-117.37942382260803
238,238.0,410.91668402963785,-126.46188429142052
239,239.0,410.9191336940179,-125.67363495499627
240,240.0,410.95655105066794,-126.22714803903426
241,241.0,411.64141145305666,-129.72627474600915
242,242.0,409.9113752370497,-120.4369080318799
243,243.0,410.5972199537082,-109.94464555193298
244,244.0,410.9191336940179,-126.41956776971688
245,245.0,410.67710166785287,-116.30838289081555
246,246.0,410.9191336940179,-126.42462642891616
247,247.0,410.59084161777105,-116.16365410707795
248,248.0,411.6350331171195,-130.30465399171754
249,249.0,409.8749421946694,-120.03291976415763
250,250.0,410.9222236707793,-118.98032780832868
251,251.0,411.6350331171195,-129.3384537028275
252,252.0,411.6350331171195,-136.80566212265347
253,253.0,411.64141145305666,-136.74923743037712
254,254.0,409.86858609578644,-119.92263575631844
255,255.0,411.6350331171195,-122.91614189257986
256,256.0,410.5972199537082,-123.64868160804971
257,257.0,411.9793784124414,-141.30733936766683
258,258.0,410.91277759513486,-133.13399264773312
259,259.0,411.6801593019118,-128.96189835432642
260,260.0,409.86858609578644,-119.72470776964036
261,261.0,410.9191336940179,-119.04987984419067
262,262.0,411.6128904586674,-106.6175690657905
263,263.0,410.95655105066794,-122.43453112983532
264,264.0,410.91277759513486,-126.06531030294798
265,265.0,410.5972199537082,-116.26316224922464
266,266.0,409.86858609578644,-113.47087566885462
267,267.0,409.8749421946694,-106.09261901303225
268,268.0,411.56991420825267,-99.58584847246956
269,269.0,412.7016561714802,-139.94057117762264
270,270.0,409.94846780993106,-127.42438897661705
271,271.0,412.7342161413095,-137.20548195497162
272,272.0,411.97302231355843,-155.18984171892538
273,273.0,410.91277759513486,-133.19291646738102
274,274.0,412.69527783554304,-144.2586554499284
275,275.0,410.84763644921384,-117.35940393210475
276,276.0,411.64141145305666,-117.76897376163495
277,277.0,409.8749421946694,-119.92004864284925
278,278.0,410.6400090949715,-110.11899175508196
279,279.0,411.64141145305666,-130.36713026038277
280,280.0,410.9629071495509,-133.55464591056057
281,281.0,410.9191336940179,-125.8575225067271
282,282.0,411.6350331171195,-129.3597280082131
283,283.0,411.64141145305666,-136.79849634222708
284,284.0,410.957881542873,-132.57100783558968
285,285.0,409.8749421946694,-112.2397682547662
286,286.0,413.0195261880761,-123.55658087224595
287,287.0,410.9191336940179,-134.72023373403798
288,288.0,411.6788065726526,-129.946038978717
289,289.0,410.957881542873,-133.00015859144003
290,290.0,410.9191336940179,-125.34032407709361
291,291.0,410.91277759513486,-125.54682079406783
292,292.0,410.5972199537082,-116.21390333737467
293,293.0,412.0019138949206,-140.78216306177308
294,294.0,410.5972199537082,-123.47910951624102
295,295.0,412.7774993755831,-145.29707731265205
296,296.0,410.91277759513486,-140.6162853183235
297,297.0,410.99381118495273,-125.78652773968109
298,298.0,411.6350331171195,-129.48667014372631
299,299.0,409.8749421946694,-120.03291976415763
300,300.0,412.01196061932484,-133.32860119845793
301,301.0,411.67378096597463,-136.08882712099233
302,302.0,409.8749421946694,-119.83200096906609
303,303.0,411.67378096597463,-122.31209442805856
304,304.0,410.5972199537082,-123.40000377355432
305,305.0,409.8749421946694,-113.31901194738947
306,306.0,411.6350331171195,-122.80945009704936
307,307.0,412.7342161413095,-151.13772043820723
308,308.0,411.6801593019118,-143.4179109191632
309,309.0,410.5972199537082,-123.28715438900164
310,310.0,410.91277759513486,-126.42514569159957
311,311.0,410.5972199537082,-116.21390333737467
312,312.0,410.91277759513486,-126.42514569159957
313,313.0,410.5972199537082,-116.21390333737467
314,314.0,410.63363075903436,-117.65328903628154
315,315.0,411.6801593019118,-130.08116353640025
316,316.0,410.6400090949715,-123.84919464044567
317,317.0,410.5972199537082,-117.26657443805536
318,318.0,411.67378096597463,-129.64517915794627
319,319.0,409.86858609578644,-119.78680730637569
320,320.0,410.9629071495509,-119.77797506503966
321,321.0,411.64141145305666,-129.52406487167093
322,322.0,411.64141145305666,-136.6856469576744
323,323.0,411.6801593019118,-136.23755020053358
324,324.0,410.63363075903436,-123.905619332722
325,325.0,411.6788065726526,-131.16896360629562
326,326.0,410.5972199537082,-123.96496124259163
327,327.0,412.4198847286022,-134.87811248578117
328,328.0,412.7016561714802,-160.15932544238953
329,329.0,413.0582740369312,-144.43211505632758
330,330.0,409.86858609578644,-121.37235168286094
331,331.0,410.91277759513486,-119.24652073312491
332,332.0,410.9191336940179,-125.69569370711953
333,333.0,410.5972199537082,-116.10722941480162
334,334.0,409.86858609578644,-113.32458986927213
335,335.0,411.24218212848166,-106.66477042259699
336,336.0,410.91149811793645,-120.35748424760365
337,337.0,410.91277759513486,-125.51359184310503
338,338.0,411.68518490858975,-129.94701842878592
339,339.0,410.9191336940179,-133.23836627601867
340,340.0,409.86858609578644,-112.44626497174043
341,341.0,409.9113752370497,-106.56470123459383
342,342.0,410.59084161777105,-110.00107024420932
343,343.0,410.9191336940179,-126.48465811486571
344,344.0,410.6357806934119,-115.65269105941611
345,345.0,411.64141145305666,-129.85884095696798
346,346.0,413.43315212532434,-155.64161313189783
347,347.0,411.6350331171195,-152.37160551332255
348,348.0,409.86858609578644,-120.03548514087109
349,349.0,410.59084161777105,-109.76631629002463
350,350.0,413.4752942972591,-148.5919213563482
351,351.0,411.6350331171195,-152.22699784017874
352,352.0,410.91277759513486,-133.23458052365413
353,353.0,412.6107021671968,-118.50045263713858
354,354.0,410.63363075903436,-118.90733741903712
355,355.0,410.95152544398996,-126.46796706922164
356,356.0,410.5972199537082,-116.11002036649441
357,357.0,410.59084161777105,-117.18976660853737
358,358.0,410.62940235747476,-116.79882959423244
359,359.0,410.59084161777105,-116.9768289916974
360,360.0,410.9191336940179,-126.63095671472517
361,361.0,411.6350331171195,-129.4089977884409
362,362.0,409.9113752370497,-120.69606495277077
363,363.0,411.6350331171195,-123.19716201830188
364,364.0,412.613696273634,-119.4391046396985
365,365.0,410.63363075903436,-105.93979360139582
366,366.0,411.67378096597463,-130.18685800890438
367,367.0,411.5635358723155,-113.53761669653801
368,368.0,411.6350331171195,-125.36988299718514
369,369.0,412.6107021671968,-125.93823451650407
370,370.0,412.6107021671968,-120.43061604308767
371,371.0,411.6128904586674,-108.74994234607782
372,372.0,411.6390046283615,-125.51040637873363
373,373.0,413.71373805404755,-138.99851934877964
374,374.0,410.63363075903436,-125.44793625687552
375,375.0,412.6107021671968,-119.6197069508346
376,376.0,410.59084161777105,-118.24675760713745
377,377.0,412.6107021671968,-119.38795660534036
378,378.0,410.59084161777105,-118.29602738736526
379,379.0,411.8884466452122,-115.57052610520198
380,380.0,412.6107021671968,-112.99283416372216
381,381.0,411.6350331171195,-131.44585298992047
382,382.0,414.31881050959703,-136.53747499818815
383,383.0,413.71373805404755,-134.30925336019916
384,384.0,412.55870624158564,-126.27154872501866
385,385.0,411.6350331171195,-131.04675013173897
386,386.0,410.59084161777105,-123.75437608055385
387,387.0,412.7774993755831,-145.45921821418827
388,388.0,410.63363075903436,-131.94296822346107
389,389.0,411.6350331171195,-130.68421367789517
390,390.0,412.6107021671968,-125.93823451650407
391,391.0,411.56991420825267,-108.22224049696281
392,392.0,412.6107021671968,-114.24177492904396
393,393.0,412.6107021671968,-120.43061604308767
394,394.0,411.6788065726526,-132.07841225900432
395,395.0,412.6107021671968,-126.254514151046
396,396.0,412.6107021671968,-120.43061604308767
397,397.0,412.6107021671968,-120.43061604308767
398,398.0,412.6927411017374,-120.54152483304861
399,399.0,411.5635358723155,-108.33413045259746
400,400.0,411.6350331171195,-125.36988299718514
401,401.0,412.6107021671968,-125.88896473627626
402,402.0,411.6350331171195,-131.34731342946483
403,403.0,412.6107021671968,-125.93823451650407
404,404.0,410.8842566007456,-105.08748696704924
405,405.0,411.5635358723155,-95.02877511007367
406,406.0,410.59084161777105,-112.22005739462993
407,407.0,412.69527783554304,-145.1431558094397
408,408.0,412.6107021671968,-133.28358075502342
409,409.0,410.63363075903436,-118.8580676388093
410,410.0,411.60651212273024,-107.94619903425108
411,411.0,411.6788065726526,-126.26629319082647
412,412.0,411.6350331171195,-137.26975109787878
413,413.0,412.95170601938605,-135.8200377914436
414,414.0,411.6350331171195,-130.80841821786612
415,415.0,412.6546660796412,-126.52414323974344
416,416.0,413.71373805404755,-133.80476808038415
417,417.0,411.6350331171195,-137.93718204753105
418,418.0,411.67378096597463,-136.35757623389048
419,419.0,411.6788065726526,-137.3373528979253
420,420.0,412.7342161413095,-151.55253963320476
421,421.0,411.64141145305666,-143.96452550000396
422,422.0,411.64141145305666,-136.78416478137433
423,423.0,410.59084161777105,-123.74004451970109
424,424.0,412.65028480001666,-118.91495265325318
425,425.0,411.6350331171195,-131.20935101387687
426,426.0,411.6350331171195,-136.95347146333688
427,427.0,411.3223150091726,-127.97609206294214
428,428.0,411.6350331171195,-138.6495463960385
429,429.0,411.6350331171195,-136.95347146333688
430,430.0,411.60651212273024,-114.31399638014838
431,431.0,411.56991420825267,-102.41012142878498
432,432.0,412.25136109095655,-99.61608305975007
433,433.0,412.61467367843875,-108.60513308733277
434,434.0,410.8842566007456,-105.06657412364798
435,435.0,411.64141145305666,-118.09025756987297
436,436.0,410.59084161777105,-123.6415266960012
437,437.0,413.46568953271105,-148.80736640610485
438,438.0,411.37470891498396,-143.77896273651874
439,439.0,410.5972199537082,-125.58546060212855
440,440.0,410.59084161777105,-117.09124878483748
441,441.0,410.63363075903436,-117.81540820106201
442,442.0,412.6107021671968,-119.57043717060678
443,443.0,410.63363075903436,-118.90733741903712
444,444.0,413.3861394710427,-124.32699999267967
445,445.0,411.6788065726526,-140.51559569737987
446,446.0,410.5972199537082,-124.11275971489721
447,447.0,412.65028480001666,-118.8020815319448
448,448.0,410.5972199537082,-118.0523596308953
449,449.0,411.6390046283615,-130.2798660091642
450,450.0,411.68518490858975,-137.50868232836527
451,451.0,412.3705447486786,-141.27035969213858
452,452.0,410.59084161777105,-132.0798750721458
453,453.0,411.56991420825267,-107.13032214736555
454,454.0,413.71373805404755,-127.22445478102087
455,455.0,411.64141145305666,-137.9300162671047
456,456.0,410.91668402963785,-133.11068002628417
457,457.0,412.6107021671968,-118.42912410478752
458,458.0,411.60651212273024,-108.65856856604854
459,459.0,412.69527783554304,-140.422965959237
460,460.0,412.3761112730691,-148.45110587184433
461,461.0,412.7342161413095,-159.34375721772778
462,462.0,411.68518490858975,-144.59708476908781
463,463.0,409.8749421946694,-120.23632827739117
464,464.0,412.6107021671968,-111.69869507140885
465,465.0,411.6350331171195,-131.29804364923703
466,466.0,411.68518490858975,-137.38179669946095
467,467.0,411.6801593019118,-136.50457092322551
468,468.0,411.6350331171195,-136.5426527273053
469,469.0,412.6107021671968,-125.83969495604845
