,t,x,y
0,0.0,364.1413019344272,-70.6478212477636
1,1.0,361.14246016985845,-78.12633040468666
2,2.0,363.0921487714958,-68.42609625147075
3,3.0,364.1863654916155,-70.45721952057686
4,4.0,362.18764428662155,-73.12804090188503
5,5.0,362.12187795941924,-73.48423126944967
6,6.0,364.1753625821357,-70.47203494809605
7,7.0,365.07566162460677,-65.72210848490094
8,8.0,363.0921487714958,-68.42609625147063
9,9.0,360.04283579557654,-83.04671235105931
10,10.0,365.0545768959655,-65.75107438280169
11,11.0,361.1240511053451,-78.15023263549301
12,12.0,363.1724556582339,-75.47032445089773
13,13.0,364.1753625821357,-70.47203494809601
14,14.0,364.255822896773,-70.12367460522987
15,15.0,362.18764428662155,-73.12804090188496
16,16.0,365.0689184845917,-65.73137263935625
17,17.0,363.05928967700765,-68.60022833011692
18,18.0,362.234966204502,-72.82766237179968
19,19.0,363.19071902999383,-75.44624486892327
20,20.0,364.19324518595664,-70.44795536612159
21,21.0,362.15210748751,-73.30382720155252
22,22.0,365.0545768959655,-65.7510743828017
23,23.0,363.1724556582339,-75.47032445089779
24,24.0,366.2010587391944,-67.72299299665531
25,25.0,363.23642344644867,-75.25704794773173
26,26.0,363.0733645648096,-68.59542246847778
27,27.0,364.23796480329617,-70.1477541872043
28,28.0,362.16961822277284,-73.15194313269136
29,29.0,365.0756616246067,-65.72210848490094
30,30.0,364.13324522908346,-70.67550929509676
31,31.0,363.1687492817748,-75.475210766824
32,32.0,362.2323919933329,-79.92076354198474
33,33.0,362.13406805216806,-73.3277294323589
34,34.0,360.34908434151185,-75.67674609022619
35,35.0,363.0416724665288,-68.76295581740034
36,36.0,361.14246016985845,-78.12633040468673
37,37.0,364.15919783450386,-70.62374166578908
38,38.0,362.15210748750997,-73.30382720155254
39,39.0,364.15919783450386,-70.62374166578908
40,40.0,362.1132176708138,-73.49569802464559
41,41.0,364.13324522908346,-70.67550929509672
42,42.0,365.04082321213355,-65.9153369327144
43,43.0,361.120667786038,-78.15462516320079
44,44.0,361.14246016985845,-78.12633040468664
45,45.0,365.05457689596557,-65.75107438280166
46,46.0,363.1907190299938,-75.44624486892334
47,47.0,364.19324518595664,-70.44795536612162
48,48.0,363.1496744491529,-75.64356021380601
49,49.0,362.1337315808572,-80.36662681529597
50,50.0,363.1496744491528,-75.64356021380605
51,51.0,364.19324518595664,-70.44795536612159
52,52.0,363.30718754749273,-74.88338754808267
53,53.0,363.1907190299938,-75.44624486892329
54,54.0,364.15919783450386,-70.62374166578914
55,55.0,363.1098179520894,-68.40219402066428
56,56.0,363.1907190299938,-75.44624486892324
57,57.0,363.1907190299938,-75.44624486892332
58,58.0,362.2323919933329,-79.92076354198475
59,59.0,363.2055878545863,-75.29773466970629
60,60.0,361.1424601698584,-78.1263304046867
61,61.0,362.1113041144655,-80.39559271319666
62,62.0,364.1679078345923,-70.61202084171518
63,63.0,362.1876442866216,-73.12804090188487
64,64.0,360.024043836948,-83.0706145818656
65,65.0,364.15919783450386,-70.6237416657891
66,66.0,363.2055878545863,-75.2977346697063
67,67.0,362.11130411446544,-80.39559271319673
68,68.0,363.2275412216451,-75.26876877180564
69,69.0,361.120667786038,-78.15462516320076
70,70.0,364.13767013192256,-70.65270756368984
71,71.0,364.15919783450386,-70.62374166578913
72,72.0,364.1591978345038,-70.62374166578914
73,73.0,362.1428056266159,-80.35490599122204
74,74.0,364.1591978345038,-70.62374166578921
75,75.0,363.1907190299938,-75.44624486892329
76,76.0,363.1907190299938,-75.44624486892332
77,77.0,362.13406805216806,-73.32772943235885
78,78.0,363.1907190299938,-75.44624486892327
79,79.0,362.1337315808573,-80.36662681529594
80,80.0,364.13324522908346,-70.67550929509679
81,81.0,364.1591978345038,-70.62374166578921
82,82.0,363.227541221645,-75.26876877180564
83,83.0,364.1591978345038,-70.62374166578911
84,84.0,364.1591978345038,-70.62374166578914
85,85.0,363.1907190299938,-75.44624486892329
86,86.0,363.1496744491528,-75.64356021380603
87,87.0,362.1113041144655,-80.39559271319668
88,88.0,364.1932451859567,-70.44795536612165
89,89.0,363.1496744491529,-75.64356021380601
90,90.0,362.13075266465336,-73.33212196006652
91,91.0,361.44916945568224,-77.4520240300829
92,92.0,364.13767013192256,-70.65270756368984
93,93.0,361.36699248626235,-77.83453518838928
94,94.0,363.1907190299938,-75.44624486892329
95,95.0,363.1687492817748,-75.47521076682402
96,96.0,363.16874928177486,-75.47521076682398
97,97.0,362.15210748751,-73.3038272015525
98,98.0,360.0205901478119,-83.07500710957335
99,99.0,365.07566162460665,-65.72210848490103
100,100.0,363.30718754749273,-74.8833875480828
101,101.0,364.9999224083192,-65.97147529265642
102,102.0,358.2914834395668,-84.81980687136229
103,103.0,364.1591978345038,-70.62374166578915
104,104.0,363.1907190299938,-75.44624486892329
105,105.0,363.1907190299938,-75.44624486892332
106,106.0,364.19324518595664,-70.44795536612162
107,107.0,361.0779078748133,-78.35194050808344
108,108.0,363.1907190299937,-75.44624486892332
109,109.0,362.1307526646534,-73.33212196006652
110,110.0,364.19324518595664,-70.44795536612165
111,111.0,363.1496744491529,-75.64356021380601
112,112.0,360.0428357955765,-83.04671235105936
113,113.0,362.33341929800645,-73.20390280834819
114,114.0,363.1687492817748,-75.47521076682409
115,115.0,361.14246016985845,-78.12633040468661
116,116.0,362.1337315808572,-80.36662681529593
117,117.0,364.13767013192256,-70.65270756368984
118,118.0,361.36699248626235,-77.83453518838928
119,119.0,363.1907190299938,-75.44624486892329
120,120.0,364.13767013192256,-70.65270756368987
121,121.0,366.1111567878477,-68.12030905054975
122,122.0,360.36446231822737,-75.52907414443379
123,123.0,363.1907190299937,-75.44624486892333
124,125.0,361.32622549110994,-70.79851628222289
125,126.0,360.43587327299434,-75.2000824025519
126,128.0,359.32398157859205,-80.34517656912759
127,129.0,361.3244365233441,-78.03185053327202
128,130.0,360.36806421237293,-75.52436316344354
129,131.0,361.34376413221946,-70.77511290933805
130,132.0,365.0232811359544,-65.9394165146889
131,133.0,360.3859563790952,-75.50095979055855
132,134.0,363.1836928478289,-75.45550902337858
133,135.0,364.15919783450386,-70.62374166578913
134,136.0,360.3680642123729,-75.52436316344358
135,137.0,359.2842517325354,-80.52265266624526
136,138.0,359.34223970357556,-80.32177319624263
137,139.0,362.4008065425005,-72.84514255917986
138,140.0,360.3859563790951,-75.50095979055867
139,141.0,360.3680642123729,-75.52436316344361
140,142.0,361.32622549111,-70.79851628222288
141,143.0,361.3437641322195,-70.77511290933793
142,144.0,360.38595637909515,-75.50095979055862
143,145.0,359.2842517325354,-80.52265266624529
144,146.0,360.3859563790951,-75.50095979055868
145,147.0,360.38595637909515,-75.50095979055862
146,148.0,360.3859563790951,-75.50095979055864
147,149.0,360.38595637909515,-75.50095979055862
148,150.0,360.33117892666365,-75.70014946311099
149,151.0,361.32622549111,-70.79851628222283
150,152.0,360.3442950071097,-75.69954782163306
151,153.0,365.05813396804444,-65.74618806687542
152,154.0,360.3490843415119,-75.67674609022616
153,155.0,362.34976988871637,-73.05841110432418
154,156.0,362.3897533778086,-72.85982307324967
155,157.0,365.04082321213355,-65.91533693271441
156,158.0,365.27662853622576,-72.54380640233926
157,159.0,365.04082321213355,-65.91533693271442
158,160.0,361.2883105161334,-70.99174473003633
159,161.0,359.34223970357556,-80.32177319624263
160,162.0,364.19324518595664,-70.44795536612163
161,163.0,365.0756616246067,-65.72210848490093
162,164.0,360.33117892666365,-75.70014946311103
163,165.0,363.0556808886645,-68.6193246992841
164,166.0,360.36806421237293,-75.52436316344354
165,167.0,364.12193463477297,-70.81561248888228
166,168.0,360.36806421237293,-75.52436316344347
167,169.0,364.1547750069653,-70.64654339719607
168,170.0,361.3096139327123,-70.94924498798433
169,171.0,363.27163428707075,-68.3272046398425
170,172.0,359.25825939031165,-80.69656463824313
171,173.0,364.1547750069652,-70.64654339719606
172,174.0,366.2098188484849,-67.71101019523638
173,175.0,365.04082321213355,-65.91533693271444
174,176.0,364.2019487146007,-70.43623454204767
175,177.0,360.3263878732853,-75.72295119451809
176,178.0,360.38595637909515,-75.50095979055858
177,179.0,364.2379648032961,-70.14775418720436
178,180.0,361.32622549111,-70.79851628222285
179,181.0,361.2883105161333,-70.99174473003644
180,182.0,360.3680642123729,-75.52436316344362
181,183.0,365.0442709233177,-65.89624056354722
182,184.0,365.02328113595445,-65.93941651468887
183,185.0,364.2019487146007,-70.4362345420477
184,186.0,365.0581339680445,-65.74618806687539
185,187.0,366.1833214399684,-67.74725302043123
186,188.0,361.2883105161334,-70.99174473003633
187,189.0,360.29081641403934,-75.89202028620416
188,190.0,360.38595637909515,-75.50095979055858
189,191.0,363.1724556582339,-75.47032445089772
190,192.0,360.33117892666365,-75.70014946311098
191,193.0,361.32622549111,-70.79851628222283
192,194.0,360.3263878732853,-75.7229511945181
193,195.0,363.32532488290593,-68.11039880436692
194,196.0,359.32398157859205,-80.34517656912749
195,197.0,366.2072326621607,-67.61788179574712
196,198.0,366.1685062538847,-67.89877929632281
197,199.0,364.1863654916155,-70.45721952057679
198,200.0,364.10402421404495,-70.8396920708567
199,201.0,364.1863654916155,-70.45721952057677
200,202.0,364.2379648032961,-70.14775418720436
201,203.0,363.30792512654904,-68.1339761920291
202,204.0,361.32622549110994,-70.79851628222295
203,205.0,362.2137411327723,-72.99866967720074
204,206.0,364.19324518595664,-70.44795536612163
205,207.0,365.0408232121336,-65.9153369327144
206,208.0,365.0232811359544,-65.93941651468887
207,209.0,360.3311789266637,-75.70014946311098
208,210.0,359.323981578592,-80.34517656912755
209,211.0,364.13767013192256,-70.65270756368983
210,212.0,365.0841923959991,-65.71038766082697
211,213.0,360.36806421237293,-75.52436316344358
212,214.0,364.1634858467259,-70.63482257312214
213,215.0,365.0689184845916,-65.73137263935632
214,216.0,360.3680642123729,-75.52436316344364
215,217.0,364.14130193442725,-70.64782124776357
216,218.0,360.3859563790951,-75.50095979055862
217,219.0,364.1150442387946,-70.82487664333749
218,220.0,365.07566162460665,-65.72210848490103
219,221.0,362.37213098132025,-73.012031985255
220,222.0,367.03701865088993,-63.00628241198365
221,223.0,362.41573992501714,-72.73045184856554
222,224.0,365.07566162460665,-65.722108484901
223,225.0,363.27522557418615,-68.30810827067546
224,226.0,361.30961393271224,-70.9492449879844
225,227.0,364.2019487146006,-70.43623454204787
226,228.0,361.32622549110994,-70.79851628222306
227,229.0,363.2926381977012,-68.28453088301333
228,230.0,360.38595637909515,-75.50095979055861
229,231.0,363.2716342870707,-68.3272046398426
230,232.0,361.3096139327123,-70.94924498798434
231,233.0,361.2883105161334,-70.99174473003642
232,234.0,362.4075046697954,-72.83624568558749
233,235.0,361.38705827370455,-77.68063647893365
234,236.0,363.2716342870707,-68.32720463984249
235,237.0,363.32532488290593,-68.11039880436698
236,238.0,360.379060882894,-75.50997963405509
237,239.0,360.38595637909515,-75.50095979055861
238,240.0,360.3263878732853,-75.72295119451812
239,241.0,362.40750466979534,-72.83624568558758
240,242.0,361.2883105161334,-70.99174473003637
241,243.0,363.32532488290593,-68.1103988043669
242,244.0,360.38595637909515,-75.50095979055862
243,245.0,363.2575096161083,-68.47116060110297
244,246.0,360.38595637909515,-75.5009597905586
245,247.0,363.3079251265491,-68.13397619202908
246,248.0,362.3897533778086,-72.85982307324974
247,249.0,361.34376413221946,-70.77511290933796
248,250.0,360.3946538945838,-75.4895820988467
249,251.0,362.3897533778086,-72.85982307324971
250,252.0,362.3897533778086,-72.8598230732497
251,253.0,362.40750466979534,-72.83624568558758
252,254.0,361.32622549111,-70.79851628222283
253,255.0,362.3897533778086,-72.85982307324976
254,256.0,363.3253248829059,-68.11039880436698
255,257.0,359.34223970357556,-80.32177319624267
256,258.0,360.3680642123729,-75.52436316344364
257,259.0,362.3721309813203,-73.01203198525498
258,260.0,361.32622549111,-70.79851628222293
259,261.0,360.3859563790952,-75.50095979055857
260,262.0,362.43348152824603,-72.7068744609034
261,263.0,360.32638787328534,-75.722951194518
262,264.0,360.3680642123729,-75.52436316344358
263,265.0,363.32532488290593,-68.11039880436701
264,266.0,361.32622549111,-70.79851628222299
265,267.0,361.34376413221946,-70.77511290933802
266,268.0,362.4725273304429,-72.51196492469586
267,269.0,361.40517331639535,-77.65705909127163
268,270.0,361.255350519128,-71.15927807895893
269,271.0,361.3488639494928,-77.85811257605148
270,272.0,359.323981578592,-80.34517656912759
271,273.0,360.3680642123729,-75.52436316344354
272,274.0,361.3870582737045,-77.68063647893375
273,275.0,360.4537410190676,-75.1766790296669
274,276.0,362.40750466979534,-72.8362456855876
275,277.0,361.34376413221946,-70.77511290933806
276,278.0,363.28904832206854,-68.30362725218039
277,279.0,362.40750466979546,-72.8362456855874
278,280.0,360.3442950071097,-75.69954782163308
279,281.0,360.3859563790951,-75.50095979055864
280,282.0,362.3897533778086,-72.8598230732497
281,283.0,362.40750466979534,-72.83624568558761
282,284.0,360.34908434151185,-75.67674609022619
283,285.0,361.3437641322195,-70.77511290933799
284,286.0,366.2010587391944,-67.72299299665528
285,287.0,360.3859563790951,-75.5009597905587
286,288.0,362.3497698887164,-73.05841110432415
287,289.0,360.34908434151185,-75.67674609022622
288,290.0,360.3859563790951,-75.50095979055864
289,291.0,360.3680642123729,-75.52436316344361
290,292.0,363.32532488290593,-68.11039880436688
291,293.0,359.2553669704153,-80.55964340023489
292,294.0,363.32532488290593,-68.11039880436688
293,295.0,361.3062929753287,-78.05542792093411
294,296.0,360.36806421237293,-75.52436316344352
295,297.0,360.2908164140394,-75.89202028620413
296,298.0,362.3897533778086,-72.85982307324971
297,299.0,361.34376413221946,-70.77511290933796
298,300.0,359.2842517325354,-80.52265266624524
299,301.0,362.35436651849636,-73.03560937291732
300,302.0,361.34376413221946,-70.77511290933795
301,303.0,362.3543665184964,-73.03560937291722
302,304.0,363.32532488290593,-68.1103988043669
303,305.0,361.34376413221946,-70.77511290933802
304,306.0,362.3897533778086,-72.85982307324971
305,307.0,361.34886394949285,-77.85811257605138
306,308.0,362.37213098132025,-73.0120319852551
307,309.0,363.3253248829059,-68.11039880436697
308,310.0,360.36806421237293,-75.52436316344351
309,311.0,363.32532488290593,-68.11039880436688
310,312.0,360.36806421237293,-75.52436316344351
311,313.0,363.32532488290593,-68.11039880436688
312,314.0,363.2716342870707,-68.32720463984253
313,315.0,362.37213098132025,-73.01203198525508
314,316.0,363.2890483220685,-68.30362725218039
315,317.0,363.325324882906,-68.11039880436685
316,318.0,362.35436651849636,-73.0356093729172
317,319.0,361.32622549111,-70.7985162822229
318,320.0,360.3442950071097,-75.69954782163303
319,321.0,362.40750466979534,-72.83624568558763
320,322.0,362.40750466979534,-72.83624568558758
321,323.0,362.37213098132025,-73.01203198525506
322,324.0,363.27163428707075,-68.3272046398425
323,325.0,362.3497698887164,-73.05841110432418
324,326.0,363.3253248829059,-68.11039880436695
325,327.0,364.4019987722206,-70.31358623649383
326,328.0,361.40517331639535,-77.65705909127165
327,329.0,366.1685062538847,-67.89877929632283
328,330.0,361.32622549111,-70.79851628222292
329,331.0,360.3680642123729,-75.52436316344365
330,332.0,360.38595637909515,-75.5009597905586
331,333.0,363.325324882906,-68.11039880436682
332,334.0,361.32622549111,-70.7985162822229
333,335.0,365.0756616246067,-65.72210848490094
334,336.0,360.3644623182274,-75.5290741444338
335,337.0,360.36806421237293,-75.5243631634435
336,338.0,362.3675360604735,-73.03483371666204
337,339.0,360.38595637909515,-75.50095979055861
338,340.0,361.32622549110994,-70.79851628222295
339,341.0,361.2883105161333,-70.99174473003643
340,342.0,363.30792512654904,-68.13397619202905
341,343.0,360.3859563790951,-75.50095979055864
342,344.0,363.29263819770125,-68.2845308830132
343,345.0,362.40750466979534,-72.83624568558764
344,346.0,363.4706357180184,-74.94770181583115
345,347.0,362.3897533778086,-72.85982307324967
346,348.0,361.32622549111,-70.79851628222293
347,349.0,363.3079251265491,-68.13397619202911
348,350.0,363.4429957067385,-75.11328770822105
349,351.0,362.3897533778085,-72.85982307324976
350,352.0,360.3680642123729,-75.52436316344362
351,353.0,361.4696815592229,-77.29525525521083
352,354.0,363.27163428707075,-68.32720463984252
353,355.0,360.3311789266636,-75.70014946311112
354,356.0,363.32532488290593,-68.11039880436692
355,357.0,363.3079251265491,-68.13397619202911
356,358.0,363.2752255741862,-68.30810827067532
357,359.0,363.3079251265491,-68.13397619202907
358,360.0,360.38595637909515,-75.50095979055862
359,361.0,362.3897533778086,-72.85982307324971
360,362.0,361.2883105161334,-70.99174473003629
361,363.0,362.3897533778086,-72.85982307324971
362,364.0,361.1649085245364,-77.96119546403077
363,365.0,363.27163428707075,-68.32720463984246
364,366.0,362.35436651849636,-73.03560937291728
365,367.0,362.4548003171517,-72.53554231235796
366,368.0,362.3897533778086,-72.85982307324973
367,369.0,361.46968155922286,-77.29525525521075
368,370.0,361.4696815592229,-77.29525525521079
369,371.0,362.43348152824603,-72.70687446090344
370,372.0,362.4008065425005,-72.84514255917979
371,373.0,360.35569234173585,-82.33263124911282
372,374.0,363.2716342870707,-68.32720463984253
373,375.0,361.46968155922286,-77.2952552552108
374,376.0,363.30792512654904,-68.13397619202911
375,377.0,361.4696815592229,-77.29525525521078
376,378.0,363.30792512654904,-68.13397619202911
377,379.0,359.40993623401346,-79.95979534540467
378,380.0,361.46968155922286,-77.29525525521082
379,381.0,362.3897533778086,-72.85982307324973
380,382.0,362.25392104762057,-79.7627676750245
381,383.0,360.3556923417358,-82.33263124911292
382,384.0,361.52024875946927,-77.05839933703285
383,385.0,362.3897533778086,-72.8598230732497
384,386.0,363.3079251265491,-68.1339761920291
385,387.0,361.30629297532863,-78.05542792093416
386,388.0,363.2716342870707,-68.3272046398426
387,389.0,362.3897533778086,-72.85982307324971
388,390.0,361.46968155922286,-77.29525525521075
389,391.0,362.472527330443,-72.51196492469583
390,392.0,361.46968155922286,-77.29525525521078
391,393.0,361.4696815592229,-77.29525525521079
392,394.0,362.3497698887164,-73.05841110432416
393,395.0,361.46968155922286,-77.29525525521079
394,396.0,361.4696815592229,-77.29525525521079
395,397.0,361.4696815592229,-77.29525525521079
396,398.0,361.3895431487891,-77.6690754045891
397,399.0,362.4548003171517,-72.53554231235803
398,400.0,362.3897533778086,-72.85982307324973
399,401.0,361.46968155922286,-77.29525525521079
400,402.0,362.3897533778086,-72.85982307324976
401,403.0,361.46968155922286,-77.29525525521075
402,404.0,360.39515302785503,-75.39499193875933
403,405.0,362.4548003171517,-72.535542312358
404,406.0,363.3079251265491,-68.13397619202911
405,407.0,361.38705827370455,-77.68063647893374
406,408.0,361.46968155922286,-77.29525525521082
407,409.0,363.2716342870707,-68.32720463984259
408,410.0,362.41573992501714,-72.73045184856555
409,411.0,362.3497698887164,-73.05841110432415
410,412.0,362.3897533778086,-72.85982307324964
411,413.0,358.29522833066534,-84.81509589037199
412,414.0,362.3897533778086,-72.85982307324967
413,415.0,361.42678999983514,-77.49556530479171
414,416.0,360.35569234173585,-82.33263124911285
415,417.0,362.3897533778086,-72.85982307324971
416,418.0,362.35436651849636,-73.03560937291726
417,419.0,362.3497698887164,-73.05841110432422
418,420.0,361.34886394949285,-77.85811257605137
419,421.0,362.4075046697954,-72.83624568558749
420,422.0,362.40750466979534,-72.83624568558754
421,423.0,363.30792512654904,-68.13397619202911
422,424.0,361.4310699932325,-77.4756014177449
423,425.0,362.3897533778086,-72.85982307324976
424,426.0,362.3897533778086,-72.85982307324971
425,427.0,365.2918769110095,-65.42479596137512
426,428.0,362.3897533778086,-72.85982307324971
427,429.0,362.3897533778086,-72.85982307324971
428,430.0,362.4157399250171,-72.73045184856572
429,431.0,362.4725273304429,-72.51196492469586
430,432.0,364.2003735333761,-70.34266372341186
431,433.0,361.4809429898083,-77.280574741141
432,434.0,360.395153027855,-75.39499193875947
433,435.0,362.4075046697954,-72.83624568558754
434,436.0,363.30792512654904,-68.1339761920291
435,437.0,363.41601124758193,-75.14893234539748
436,438.0,365.2831348174535,-65.58237977201209
437,439.0,363.32532488290593,-68.11039880436685
438,440.0,363.30792512654904,-68.13397619202908
439,441.0,363.27163428707075,-68.32720463984252
440,442.0,361.46968155922286,-77.2952552552108
441,443.0,363.27163428707075,-68.32720463984252
442,444.0,363.4907920034544,-74.78638507413774
443,445.0,362.3497698887164,-73.05841110432415
444,446.0,363.32532488290593,-68.11039880436688
445,447.0,361.4310699932324,-77.47560141774493
446,448.0,363.3253248829059,-68.11039880436701
447,449.0,362.4008065425005,-72.84514255917979
448,450.0,362.36753606047347,-73.03483371666208
449,451.0,364.42494898199186,-70.1356565880681
450,452.0,363.30792512654904,-68.13397619202908
451,453.0,362.4725273304429,-72.51196492469587
452,454.0,360.35569234173585,-82.33263124911282
453,455.0,362.40750466979534,-72.83624568558764
454,456.0,360.379060882894,-75.50997963405503
455,457.0,361.4696815592229,-77.29525525521066
456,458.0,362.4157399250171,-72.73045184856555
457,459.0,361.38705827370455,-77.68063647893364
458,460.0,364.44026142192405,-70.11499820541933
459,461.0,361.34886394949285,-77.85811257605134
460,462.0,362.36753606047347,-73.034833716662
461,463.0,361.34376413221946,-70.77511290933799
462,464.0,361.4696815592229,-77.29525525521069
463,465.0,362.3897533778086,-72.85982307324969
464,466.0,362.36753606047347,-73.03483371666195
465,467.0,362.37213098132025,-73.01203198525513
466,468.0,362.3897533778086,-72.8598230732497
467,469.0,361.46968155922286,-77.29525525521083
