,t,x,y
0,0.0,455.8055594952969,-24.179456555287604
1,1.0,455.4463907931575,-30.57474034368827
2,2.0,457.8692743138123,-25.741337255702852
3,3.0,456.0082168216587,-23.613818953926078
4,4.0,455.5730364172778,-30.52605240493954
5,5.0,458.2219795653605,-19.041665623758664
6,6.0,453.1210811447019,-35.111487582655634
7,7.0,458.08518496672036,-19.327602344150367
8,8.0,458.21256265977297,-19.266940786962174
9,9.0,460.4203474076471,-14.382222978141765
10,10.0,458.21256265977297,-19.266940786962152
11,11.0,460.16572513723116,-21.00595281575333
12,12.0,456.0196849198873,-23.39130650528951
13,13.0,455.84271270838065,-23.951010506076724
14,14.0,460.4203474076471,-14.38222297814176
15,15.0,453.1384489709271,-34.88662784267096
16,16.0,460.1657251372312,-21.00595281575333
17,17.0,455.4307355524024,-30.807056785664457
18,18.0,457.89873887393065,-25.6653954613703
19,19.0,456.0082168216587,-23.613818953926142
20,20.0,456.0082168216587,-23.613818953926046
21,21.0,457.8977158792658,-25.683640300313463
22,22.0,453.1210811447019,-35.11148758265564
23,23.0,455.631808317146,-30.012689051552915
24,24.0,457.89873887393065,-25.66539546137027
25,25.0,457.89873887393065,-25.665395461370263
26,26.0,457.89873887393065,-25.665395461370288
27,27.0,455.61694096854774,-30.237548791537698
28,28.0,455.4463907931575,-30.574740343688283
29,29.0,460.5829704390842,-14.032617087998567
30,30.0,460.1657251372312,-21.005952815753332
31,31.0,460.41325528575095,-14.607498141345188
32,32.0,458.22197956536047,-19.041665623758693
33,33.0,457.89873887393065,-25.665395461370284
34,34.0,455.61694096854774,-30.237548791537694
35,35.0,458.22197956536047,-19.04166562375867
36,36.0,455.84271270838065,-23.951010506076727
37,37.0,455.6014635260835,-30.4698652335139
38,38.0,456.0082168216587,-23.61381895392614
39,39.0,457.89873887393065,-25.665395461370334
40,40.0,455.44639079315743,-30.57474034368825
41,41.0,455.84271270838065,-23.951010506076752
42,42.0,453.58569024680463,-28.487757745044064
43,43.0,460.16572513723116,-21.00595281575332
44,44.0,456.0082168216587,-23.61381895392611
45,45.0,456.0082168216587,-23.613818953926046
46,46.0,457.8987388739307,-25.665395461370316
47,47.0,457.89873887393065,-25.665395461370284
48,48.0,457.8856583304351,-25.897711903346476
49,49.0,453.1210811447019,-35.11148758265567
50,50.0,458.0756246293296,-19.552877507353784
51,51.0,457.89873887393065,-25.66539546137031
52,52.0,460.1657251372312,-21.005952815753304
53,53.0,455.6169409685477,-30.237548791537712
54,54.0,453.1210811447019,-35.11148758265567
55,55.0,458.21256265977297,-19.26694078696216
56,56.0,457.89873887393065,-25.665395461370288
57,57.0,460.3334686208657,-20.65634692561028
58,58.0,460.3334686208657,-20.656346925610162
59,59.0,458.4041563419289,-18.866108271139034
60,60.0,460.5829704390842,-14.03261708799856
61,61.0,453.10301947248036,-35.34380402463188
62,62.0,455.61694096854774,-30.23754879153771
63,63.0,458.22197956536047,-19.041665623758654
64,64.0,455.98065989240513,-23.67000612535182
65,65.0,457.87029967108344,-25.723092416759666
66,66.0,455.61694096854774,-30.237548791537762
67,67.0,460.4203474076471,-14.382222978141769
68,68.0,455.6169409685477,-30.237548791537662
69,69.0,458.2219795653605,-19.04166562375872
70,70.0,457.89873887393065,-25.665395461370284
71,71.0,460.1372581206152,-21.065215401055823
72,72.0,453.10301947248036,-35.34380402463176
73,73.0,453.58569024680463,-28.48775774504403
74,74.0,455.43073555240244,-30.807056785664468
75,75.0,457.89873887393065,-25.665395461370306
76,76.0,456.0082168216587,-23.613818953926113
77,77.0,456.0082168216587,-23.613818953926096
78,78.0,455.84271270838065,-23.951010506076674
79,79.0,460.4203474076471,-14.382222978141757
80,80.0,457.89873887393065,-25.66539546137028
81,81.0,458.4133723331989,-18.640833107935517
82,82.0,457.89873887393065,-25.665395461370274
83,83.0,455.61694096854774,-30.237548791537694
84,84.0,460.3055587713356,-20.714563033981307
85,85.0,458.23117207398275,-18.81915317512216
86,86.0,458.22197956536047,-19.041665623758643
87,87.0,457.89873887393065,-25.66539546137028
88,88.0,457.89873887393065,-25.665395461370288
89,89.0,460.3334686208657,-20.656346925610258
90,90.0,457.89873887393065,-25.6653954613703
91,91.0,457.89873887393065,-25.665395461370263
92,92.0,460.1657251372312,-21.005952815753304
93,93.0,457.89873887393065,-25.66539546137027
94,94.0,457.89873887393065,-25.66539546137027
95,95.0,457.89873887393065,-25.66539546137027
96,96.0,457.87029967108344,-25.723092416759595
97,97.0,453.58569024680463,-28.487757745044092
98,98.0,456.0082168216587,-23.613818953926078
99,99.0,458.22197956536047,-19.04166562375868
100,100.0,455.9964954318535,-23.839094117129598
101,101.0,458.22197956536047,-19.041665623758657
102,102.0,455.631808317146,-30.01268905155297
103,103.0,457.8856583304351,-25.897711903346423
104,104.0,457.89873887393065,-25.665395461370277
105,105.0,458.2219795653605,-19.04166562375865
106,106.0,455.61694096854774,-30.23754879153773
107,107.0,457.89873887393065,-25.66539546137028
108,108.0,458.2219795653605,-19.04166562375865
109,109.0,453.13426380894595,-35.086079412196064
110,110.0,455.60146352608353,-30.46986523351383
111,111.0,457.89873887393065,-25.665395461370306
112,112.0,457.89873887393065,-25.66539546137027
113,113.0,455.8146120528786,-24.00819912474615
114,114.0,455.81461205287854,-24.008199124746156
115,115.0,458.2036155832024,-18.87685013051149
116,116.0,453.0921804681347,-35.16717834277825
117,117.0,455.41743391549556,-30.63192896235772
118,118.0,455.5885434767798,-30.29373596296337
119,119.0,453.0740890880273,-35.399494784754374
120,120.0,453.0921804681347,-35.167178342778165
121,121.0,453.5576324805861,-28.5434485051666
122,122.0,453.5715809162248,-28.320936056530066
123,123.0,458.0681792907766,-25.321257080431142
124,124.0,453.5739214241542,-28.51111929169525
125,125.0,453.0740890880272,-35.3994947847544
126,126.0,452.51560778223063,-41.93899316197177
127,127.0,453.0921804681347,-35.167178342778236
128,128.0,455.98065989240513,-23.67000612535177
129,129.0,453.5576324805861,-28.543448505166598
130,130.0,455.98065989240513,-23.67000612535176
131,131.0,458.0681792907766,-25.321257080431174
132,132.0,460.1372581206151,-21.065215401055802
133,133.0,455.98065989240513,-23.67000612535187
134,134.0,453.0921804681347,-35.16717834277822
135,135.0,453.0921804681347,-35.16717834277823
136,136.0,455.5885434767798,-30.293735962963368
137,137.0,453.0921804681347,-35.16717834277822
138,138.0,455.5885434767798,-30.293735962963368
139,139.0,455.9806598924052,-23.670006125351758
140,140.0,453.5576324805861,-28.543448505166598
141,141.0,453.09218046813464,-35.167178342778264
142,142.0,453.5715809162248,-28.320936056530098
143,143.0,453.91902069738046,-22.063025247971154
144,144.0,455.98065989240513,-23.670006125351737
145,145.0,453.5576324805861,-28.543448505166598
146,146.0,453.5576324805861,-28.54344850516658
147,147.0,455.81461205287854,-24.008199124746145
148,148.0,455.81461205287854,-24.008199124746156
149,149.0,453.5576324805861,-28.54344850516659
150,150.0,455.82928225689943,-23.728034543332786
151,151.0,453.0921804681347,-35.16717834277819
152,152.0,455.98065989240513,-23.67000612535177
153,153.0,453.0921804681347,-35.16717834277822
154,154.0,455.98065989240513,-23.67000612535177
155,155.0,457.7287102286847,-26.010074119401935
156,156.0,453.55763248058605,-28.543448505166577
157,157.0,453.5576324805861,-28.54344850516658
158,158.0,453.09218046813464,-35.167178342778264
159,159.0,453.5576324805861,-28.5434485051666
160,160.0,453.5715809162248,-28.320936056530066
161,161.0,453.0921804681347,-35.16717834277821
162,162.0,455.41743391549556,-30.63192896235772
163,163.0,455.81461205287854,-24.008199124746163
164,164.0,457.87029967108344,-25.72309241675963
165,165.0,453.0921804681347,-35.167178342778186
166,166.0,457.8702996710835,-25.723092416759666
167,167.0,453.0921804681347,-35.167178342778186
168,168.0,453.0921804681347,-35.16717834277823
169,169.0,457.8702996710835,-25.723092416759666
170,170.0,458.19439450241987,-19.099362579148018
171,171.0,457.87029967108344,-25.723092416759698
172,172.0,457.87029967108344,-25.723092416759666
173,173.0,460.1372581206151,-21.065215401055845
174,174.0,458.1943945024198,-19.09936257914803
175,175.0,457.87029967108344,-25.723092416759698
176,176.0,457.88682391058893,-25.689570561304677
177,177.0,457.8792948501993,-25.823417551423546
178,178.0,457.88682391058893,-25.68957056130465
179,179.0,453.5984883824995,-28.462349574584447
180,180.0,455.45938056811065,-30.54908029221399
181,181.0,455.43399487322216,-30.599223946852558
182,182.0,457.91172298546445,-25.639047426539296
183,183.0,458.22197956536047,-19.04166562375863
184,184.0,458.22197956536047,-19.041665623758636
185,185.0,457.8987388739307,-25.665395461370302
186,186.0,458.21042247427073,-19.065840723693064
187,187.0,457.91172298546445,-25.639047426539303
188,188.0,457.91172298546445,-25.63904742653933
189,189.0,458.2345736600953,-19.015317588927697
190,190.0,458.2345736600953,-19.015317588927687
191,191.0,458.2345736600953,-19.015317588927687
192,192.0,458.22197956536047,-19.04166562375861
193,193.0,457.89873887393065,-25.665395461370345
194,194.0,458.2345736600953,-19.01531758892771
195,195.0,457.91172298546445,-25.63904742653925
196,196.0,457.90199344326646,-25.812229681679987
197,197.0,457.91172298546445,-25.639047426539292
198,198.0,458.22197956536047,-19.041665623758657
199,199.0,457.89873887393065,-25.665395461370327
200,200.0,458.2219795653605,-19.04166562375862
201,201.0,457.89873887393065,-25.665395461370284
202,202.0,457.89873887393065,-25.66539546137032
203,203.0,458.2335361637805,-18.761501042345312
204,204.0,457.89873887393065,-25.665395461370295
205,205.0,458.22197956536047,-19.041665623758682
206,206.0,458.2345736600953,-19.015317588927736
207,207.0,457.89873887393065,-25.665395461370267
208,208.0,458.2274349484973,-19.186575019469032
209,209.0,458.21256265977297,-19.266940786962124
210,210.0,458.2345736600953,-19.015317588927694
211,211.0,458.2009934454412,-19.29111588689647
212,212.0,458.22197956536047,-19.041665623758632
213,213.0,457.89873887393065,-25.66539546137022
214,214.0,457.89865618064437,-25.871363868515456
215,215.0,458.23457366009524,-19.015317588927687
216,216.0,458.22197956536047,-19.04166562375867
217,217.0,457.8856583304351,-25.897711903346472
218,218.0,458.2219795653605,-19.04166562375866
219,219.0,457.89873887393065,-25.665395461370327
220,220.0,457.89873887393065,-25.665395461370288
221,221.0,458.2345736600953,-19.01531758892771
222,222.0,458.22197956536047,-19.041665623758657
223,223.0,455.44639079315743,-30.574740343688312
224,224.0,458.22197956536047,-19.04166562375868
225,225.0,458.2345736600953,-19.01531758892769
226,226.0,457.48228687998966,-32.41086224573292
227,227.0,457.89873887393065,-25.665395461370288
228,228.0,453.1210811447019,-35.11148758265566
229,229.0,457.89873887393065,-25.665395461370302
230,230.0,457.8987388739307,-25.665395461370274
231,231.0,458.2345736600953,-19.015317588927733
232,232.0,457.8889990905137,-25.838577716510876
233,233.0,458.23457366009524,-19.015317588927715
234,234.0,458.22197956536047,-19.041665623758707
235,235.0,458.24375312208684,-18.79280514029122
236,236.0,458.2219795653605,-19.04166562375864
237,237.0,457.89873887393065,-25.665395461370306
238,238.0,458.2219795653605,-19.041665623758643
239,239.0,457.89873887393065,-25.665395461370284
240,240.0,457.89873887393065,-25.665395461370288
241,241.0,458.2345736600953,-19.01531758892772
242,242.0,457.89873887393065,-25.665395461370267
243,243.0,458.2219795653605,-19.04166562375867
244,244.0,457.91172298546445,-25.63904742653933
245,245.0,457.87029967108344,-25.72309241675964
246,246.0,458.22197956536047,-19.041665623758693
247,247.0,457.91172298546445,-25.63904742653929
248,248.0,457.91172298546445,-25.639047426539328
249,249.0,458.22197956536047,-19.041665623758607
250,250.0,457.89873887393065,-25.665395461370327
251,251.0,457.91172298546445,-25.639047426539328
252,252.0,457.89873887393065,-25.66539546137028
253,253.0,457.89873887393065,-25.66539546137031
254,254.0,457.91172298546445,-25.639047426539328
255,255.0,457.91172298546445,-25.639047426539328
256,256.0,458.22197956536047,-19.04166562375867
257,257.0,457.91172298546445,-25.63904742653929
258,258.0,458.22197956536047,-19.041665623758607
259,259.0,458.23457366009524,-19.015317588927758
260,260.0,457.91172298546445,-25.63904742653928
261,261.0,458.2345736600953,-19.01531758892764
262,262.0,457.89873887393065,-25.665395461370267
263,263.0,457.89873887393065,-25.66539546137031
264,264.0,458.2219795653605,-19.04166562375867
265,265.0,458.22197956536047,-19.041665623758607
266,266.0,457.89873887393065,-25.665395461370334
267,267.0,458.2345736600953,-19.01531758892771
268,268.0,458.22197956536047,-19.041665623758657
269,269.0,458.2311720739827,-18.819153175122114
270,270.0,458.23457366009524,-19.01531758892776
271,271.0,457.89873887393065,-25.66539546137025
272,272.0,457.89873887393065,-25.665395461370267
273,273.0,457.88682391058893,-25.689570561304656
274,274.0,457.89873887393065,-25.66539546137032
275,275.0,457.89873887393065,-25.66539546137031
276,276.0,458.2345736600953,-19.01531758892771
277,277.0,458.22197956536047,-19.041665623758657
278,278.0,457.8668611618954,-25.730067161701896
279,279.0,458.22197956536047,-19.041665623758707
280,280.0,458.22197956536047,-19.041665623758686
281,281.0,457.89873887393065,-25.665395461370284
282,282.0,458.2219795653605,-19.041665623758643
283,283.0,457.9112869636799,-25.440535721385498
284,284.0,458.22197956536047,-19.041665623758664
285,285.0,458.2345736600953,-19.015317588927733
286,286.0,458.22197956536047,-19.04166562375861
287,287.0,457.89873887393065,-25.66539546137028
288,288.0,457.89873887393065,-25.665395461370302
289,289.0,457.89873887393065,-25.66539546137031
290,290.0,457.91172298546445,-25.639047426539328
291,291.0,457.89873887393065,-25.665395461370323
292,292.0,457.89873887393065,-25.66539546137028
293,293.0,457.89873887393065,-25.66539546137032
294,294.0,458.2219795653605,-19.04166562375867
295,295.0,458.22197956536047,-19.041665623758607
296,296.0,458.22197956536047,-19.041665623758686
297,297.0,458.22197956536047,-19.0416656237587
298,298.0,458.2345736600953,-19.015317588927708
299,299.0,458.2345736600953,-19.01531758892765
300,300.0,457.89873887393065,-25.665395461370267
301,301.0,457.89873887393065,-25.66539546137031
302,302.0,457.91172298546445,-25.639047426539328
303,303.0,457.89873887393065,-25.66539546137028
304,304.0,457.89873887393065,-25.66539546137031
305,305.0,457.89873887393065,-25.66539546137031
306,306.0,457.91172298546445,-25.639047426539328
307,307.0,458.22197956536047,-19.04166562375867
308,308.0,458.22197956536047,-19.0416656237587
309,309.0,457.91172298546445,-25.639047426539307
310,310.0,457.89873887393065,-25.66539546137028
311,311.0,457.89873887393065,-25.66539546137031
312,312.0,457.89873887393065,-25.66539546137031
313,313.0,458.21483080999707,-19.212923054300013
314,314.0,457.89873887393065,-25.66539546137031
315,315.0,458.2219795653605,-19.04166562375862
316,316.0,457.8889990905137,-25.83857771651097
317,317.0,458.23457366009524,-19.015317588927715
318,318.0,457.89873887393065,-25.665395461370288
319,319.0,453.1210811447019,-35.11148758265569
320,320.0,457.89873887393065,-25.665395461370288
321,321.0,457.91172298546445,-25.639047426539328
322,322.0,458.2219795653605,-19.04166562375864
323,323.0,457.89873887393065,-25.66539546137031
324,324.0,457.91172298546445,-25.639047426539328
325,325.0,458.22197956536047,-19.04166562375867
326,326.0,458.2219795653605,-19.041665623758682
327,327.0,458.22197956536047,-19.041665623758668
328,328.0,458.22197956536047,-19.041665623758654
329,329.0,457.89873887393065,-25.66539546137031
330,330.0,457.89873887393065,-25.66539546137031
331,331.0,455.8553183410408,-23.92535045460243
332,332.0,458.2219795653605,-19.041665623758636
333,333.0,458.22197956536047,-19.041665623758686
334,334.0,458.22197956536047,-19.041665623758686
335,335.0,458.22197956536047,-19.041665623758686
336,336.0,457.89873887393065,-25.665395461370284
337,337.0,458.2219795653605,-19.041665623758643
338,338.0,457.89873887393065,-25.665395461370284
339,339.0,458.2219795653605,-19.041665623758643
340,340.0,458.22197956536047,-19.041665623758686
341,341.0,457.89873887393065,-25.665395461370284
342,342.0,457.46890055580735,-32.437210280563896
343,343.0,457.89873887393065,-25.665395461370327
344,344.0,458.2219795653605,-19.041665623758643
345,345.0,457.89873887393065,-25.665395461370284
346,346.0,457.46890055580735,-32.437210280563896
347,347.0,458.22197956536047,-19.041665623758636
348,348.0,457.89873887393065,-25.665395461370334
349,349.0,458.23117207398275,-18.819153175122082
350,350.0,458.22197956536047,-19.04166562375864
351,351.0,453.58569024680463,-28.487757745044043
352,352.0,457.89873887393065,-25.665395461370284
353,353.0,453.58569024680463,-28.487757745044068
354,354.0,453.1210811447019,-35.111487582655634
355,355.0,453.1210811447019,-35.11148758265566
356,356.0,455.8553183410408,-23.925350454602423
357,357.0,453.58569024680463,-28.48775774504401
358,358.0,457.87029967108344,-25.72309241675967
359,359.0,453.58569024680463,-28.487757745044075
360,360.0,453.1210811447019,-35.111487582655634
361,361.0,453.58569024680463,-28.487757745044046
362,362.0,453.58569024680463,-28.48775774504403
363,363.0,453.58569024680463,-28.48775774504403
364,364.0,453.13426380894595,-35.08607941219606
365,365.0,453.9568838267955,-21.78711463860713
366,366.0,453.58569024680463,-28.487757745044153
367,367.0,453.58569024680463,-28.48775774504403
368,368.0,453.13426380894595,-35.08607941219608
369,369.0,453.5984883824995,-28.462349574584433
370,370.0,453.58569024680463,-28.487757745044114
371,371.0,453.13426380894595,-35.08607941219606
372,372.0,456.0082168216587,-23.61381895392612
373,373.0,453.1384489709271,-34.88662784267095
374,374.0,453.1210811447019,-35.1114875826557
375,375.0,453.58569024680463,-28.487757745044046
376,376.0,453.58569024680463,-28.48775774504403
377,377.0,458.22197956536047,-19.041665623758675
378,378.0,455.61694096854774,-30.237548791537698
379,379.0,455.84271270838065,-23.95101050607672
380,380.0,453.58569024680463,-28.487757745044064
381,381.0,453.58569024680463,-28.48775774504403
382,382.0,453.1210811447019,-35.111487582655634
383,383.0,453.1210811447019,-35.11148758265566
384,384.0,453.54682238660575,-28.71470593570797
385,385.0,455.44639079315743,-30.57474034368831
386,386.0,453.1210811447019,-35.1114875826557
387,387.0,458.2219795653605,-19.041665623758643
388,388.0,453.1210811447019,-35.11148758265567
389,389.0,455.8543495608389,-23.72849805744015
390,390.0,453.1210811447019,-35.11148758265567
391,391.0,453.1210811447019,-35.11148758265566
392,392.0,453.1210811447019,-35.11148758265566
393,393.0,453.5576324805861,-28.543448505166577
394,394.0,453.1210811447019,-35.11148758265569
395,395.0,453.58569024680463,-28.48775774504407
396,396.0,453.58569024680463,-28.48775774504403
397,397.0,453.58569024680463,-28.487757745044068
398,398.0,453.1210811447019,-35.111487582655656
399,399.0,453.58569024680463,-28.487757745044046
400,400.0,453.58569024680463,-28.487757745044068
401,401.0,455.44639079315743,-30.574740343688305
402,402.0,453.58569024680463,-28.487757745044032
403,403.0,453.1210811447019,-35.11148758265566
404,404.0,453.1210811447019,-35.11148758265562
405,405.0,453.1210811447019,-35.11148758265566
406,406.0,453.10301947248036,-35.343804024631844
407,407.0,453.58569024680463,-28.48775774504407
408,408.0,455.44639079315743,-30.57474034368835
409,409.0,453.58569024680463,-28.487757745044075
410,410.0,453.1210811447019,-35.111487582655634
411,411.0,453.0921804681347,-35.16717834277817
412,412.0,453.5576324805861,-28.543448505166644
413,413.0,453.58569024680463,-28.487757745044068
414,414.0,453.58569024680463,-28.48775774504403
415,415.0,453.58569024680463,-28.48775774504403
416,416.0,453.1210811447019,-35.111487582655634
417,417.0,455.84271270838065,-23.951010506076738
418,418.0,453.1210811447019,-35.11148758265568
419,419.0,453.1210811447019,-35.11148758265566
420,420.0,453.1210811447019,-35.11148758265566
421,421.0,453.58569024680463,-28.487757745044046
422,422.0,453.13426380894595,-35.08607941219608
423,423.0,453.1210811447019,-35.11148758265563
424,424.0,457.7577102096259,-25.951332181761927
425,425.0,457.89873887393065,-25.665395461370313
426,426.0,453.1210811447019,-35.11148758265566
427,427.0,453.1210811447019,-35.111487582655656
428,428.0,453.58569024680463,-28.487757745044046
429,429.0,453.1210811447019,-35.111487582655634
430,430.0,458.2219795653605,-19.041665623758643
431,431.0,453.59848838249945,-28.462349574584408
432,432.0,453.1210811447019,-35.11148758265566
433,433.0,452.55895825484237,-41.8578942313896
434,434.0,458.2219795653605,-19.041665623758597
435,435.0,457.8856583304351,-25.89771190334643
436,436.0,457.89873887393065,-25.665395461370334
437,437.0,455.84271270838065,-23.951010506076695
438,438.0,458.22197956536047,-19.041665623758647
439,439.0,457.87029967108344,-25.72309241675963
440,440.0,455.84271270838065,-23.9510105060767
441,441.0,458.22197956536047,-19.041665623758647
442,442.0,458.22197956536047,-19.041665623758686
443,443.0,457.89873887393065,-25.665395461370284
444,444.0,458.2219795653605,-19.041665623758643
445,445.0,457.89873887393065,-25.665395461370284
446,446.0,458.2219795653605,-19.041665623758643
447,447.0,457.89873887393065,-25.665395461370284
448,448.0,453.58569024680463,-28.487757745044068
449,449.0,457.89873887393065,-25.665395461370284
450,450.0,457.89873887393065,-25.66539546137031
451,451.0,457.89873887393065,-25.66539546137031
452,452.0,458.19439450241987,-19.099362579148025
453,453.0,457.89873887393065,-25.66539546137029
454,454.0,457.89873887393065,-25.66539546137032
455,455.0,453.58569024680463,-28.487757745044078
456,456.0,457.89873887393065,-25.665395461370284
457,457.0,458.2219795653605,-19.041665623758643
458,458.0,453.58569024680463,-28.487757745044043
459,459.0,457.89873887393065,-25.665395461370284
460,460.0,458.2219795653605,-19.041665623758643
461,461.0,457.89873887393065,-25.66539546137022
462,462.0,457.89873887393065,-25.66539546137028
463,463.0,458.2219795653605,-19.041665623758643
464,464.0,453.58569024680463,-28.487757745044043
465,465.0,457.8889990905137,-25.838577716510926
466,466.0,457.89873887393065,-25.665395461370252
467,467.0,457.89873887393065,-25.66539546137031
468,468.0,458.2219795653605,-19.041665623758643
469,469.0,453.58569024680463,-28.487757745044043
470,470.0,458.22197956536047,-19.041665623758675
471,471.0,458.22197956536047,-19.041665623758686
472,472.0,457.89873887393065,-25.665395461370284
473,473.0,457.89873887393065,-25.66539546137031
474,474.0,453.1210811447019,-35.11148758265566
475,475.0,457.89873887393065,-25.665395461370288
476,476.0,458.2219795653605,-19.041665623758643
477,477.0,458.22197956536047,-19.041665623758686
478,478.0,457.89873887393065,-25.665395461370284
479,479.0,457.89873887393065,-25.66539546137031
480,480.0,457.89873887393065,-25.66539546137031
481,481.0,453.1030194724804,-35.34380402463174
482,482.0,457.89873887393065,-25.6653954613703
483,483.0,458.2219795653605,-19.041665623758643
484,484.0,457.89873887393065,-25.665395461370284
485,485.0,457.89873887393065,-25.66539546137032
486,486.0,458.2219795653605,-19.04166562375862
487,487.0,457.89873887393065,-25.665395461370284
488,488.0,457.89873887393065,-25.66539546137031
489,489.0,457.89873887393065,-25.66539546137031
490,490.0,457.89873887393065,-25.66539546137031
491,491.0,457.89873887393065,-25.66539546137031
492,492.0,457.89873887393065,-25.66539546137031
493,493.0,453.1210811447019,-35.11148758265566
494,494.0,458.22197956536047,-19.041665623758668
495,495.0,457.89873887393065,-25.665395461370288
496,496.0,458.19439450241987,-19.099362579148053
497,497.0,457.89873887393065,-25.66539546137029
498,498.0,457.89873887393065,-25.66539546137031
499,499.0,457.87029967108344,-25.723092416759652
500,500.0,457.87029967108344,-25.72309241675962
501,501.0,457.89873887393065,-25.665395461370316
502,502.0,453.1210811447019,-35.11148758265566
503,503.0,458.2219795653605,-19.041665623758643
504,504.0,457.89873887393065,-25.665395461370284
505,505.0,458.2219795653605,-19.041665623758643
506,506.0,453.5576324805861,-28.5434485051666
507,507.0,453.1210811447019,-35.111487582655656
508,508.0,457.89873887393065,-25.665395461370288
509,509.0,453.58569024680463,-28.487757745044068
510,510.0,457.9117229854644,-25.639047426539353
511,511.0,455.84271270838065,-23.95101050607672
512,512.0,457.87029967108344,-25.723092416759645
513,513.0,457.89873887393065,-25.665395461370316
514,514.0,457.89873887393065,-25.66539546137031
515,515.0,453.1210811447019,-35.11148758265566
516,516.0,453.58569024680463,-28.48775774504407
517,517.0,453.1210811447019,-35.111487582655634
518,518.0,457.89873887393065,-25.665395461370288
519,519.0,458.2219795653605,-19.041665623758643
520,520.0,457.89873887393065,-25.665395461370284
521,521.0,457.8856583304351,-25.897711903346355
522,522.0,453.58569024680463,-28.487757745044014
523,523.0,457.8856583304351,-25.897711903346433
524,524.0,457.89873887393065,-25.665395461370334
525,525.0,457.89873887393065,-25.66539546137031
526,526.0,457.89873887393065,-25.66539546137031
527,527.0,457.89873887393065,-25.66539546137031
528,528.0,458.2219795653605,-19.041665623758643
529,529.0,457.89873887393065,-25.665395461370284
530,530.0,452.54537862840425,-41.883302401849356
531,531.0,453.134263808946,-35.086079412196064
532,532.0,457.89873887393065,-25.6653954613703
533,533.0,457.89873887393065,-25.66539546137031
534,534.0,457.89873887393065,-25.66539546137031
535,535.0,457.89873887393065,-25.66539546137031
536,536.0,457.89873887393065,-25.66539546137031
537,537.0,458.2219795653605,-19.041665623758643
538,538.0,457.89873887393065,-25.665395461370284
539,539.0,458.2219795653605,-19.041665623758643
540,540.0,453.1210811447019,-35.11148758265567
541,541.0,458.2219795653605,-19.041665623758643
542,542.0,458.22197956536047,-19.041665623758686
543,543.0,458.2219795653605,-19.041665623758682
544,544.0,457.89873887393065,-25.665395461370327
545,545.0,457.89873887393065,-25.66539546137031
546,546.0,453.58569024680463,-28.487757745044068
547,547.0,457.89873887393065,-25.665395461370284
548,548.0,458.2219795653605,-19.041665623758643
549,549.0,458.22197956536047,-19.041665623758686
550,550.0,457.89873887393065,-25.665395461370284
551,551.0,457.89873887393065,-25.66539546137031
552,552.0,457.89873887393065,-25.66539546137031
553,553.0,458.2219795653605,-19.041665623758643
554,554.0,457.89873887393065,-25.665395461370284
555,555.0,458.2219795653605,-19.041665623758643
556,556.0,453.1210811447019,-35.11148758265567
557,557.0,457.89873887393065,-25.665395461370288
558,558.0,457.87029967108344,-25.723092416759652
559,559.0,458.22197956536047,-19.041665623758657
560,560.0,457.89873887393065,-25.665395461370284
561,561.0,457.89873887393065,-25.66539546137031
562,562.0,457.89873887393065,-25.66539546137031
563,563.0,458.2219795653605,-19.041665623758643
564,564.0,457.89873887393065,-25.665395461370284
565,565.0,453.58569024680463,-28.487757745044068
566,566.0,457.89873887393065,-25.665395461370284
567,567.0,457.89873887393065,-25.66539546137031
568,568.0,458.19439450241987,-19.099362579148075
569,569.0,453.1210811447019,-35.11148758265569
570,570.0,457.89873887393065,-25.665395461370288
571,571.0,457.89873887393065,-25.66539546137032
572,572.0,457.8856583304351,-25.897711903346483
573,573.0,453.1210811447019,-35.11148758265563
574,574.0,458.21256265977297,-19.266940786962145
575,575.0,457.89873887393065,-25.665395461370267
576,576.0,453.5576324805861,-28.543448505166584
577,577.0,458.22197956536047,-19.041665623758647
578,578.0,457.89873887393065,-25.665395461370284
579,579.0,453.1210811447019,-35.11148758265566
580,580.0,457.89873887393065,-25.665395461370288
581,581.0,458.2219795653605,-19.041665623758643
582,582.0,457.87029967108344,-25.72309241675963
583,583.0,458.19439450241987,-19.09936257914807
584,584.0,457.87029967108344,-25.72309241675959
585,585.0,458.184948662105,-19.324637742351523
586,586.0,457.89873887393065,-25.665395461370316
587,587.0,458.2219795653605,-19.04166562375862
588,588.0,457.89873887393065,-25.665395461370284
589,589.0,458.19439450241987,-19.099362579148025
590,590.0,458.2219795653605,-19.041665623758696
591,591.0,458.22197956536047,-19.041665623758686
592,592.0,453.1210811447019,-35.11148758265567
593,593.0,453.58569024680463,-28.487757745044046
594,594.0,457.89873887393065,-25.665395461370284
595,595.0,458.2219795653605,-19.041665623758643
596,596.0,458.22197956536047,-19.041665623758686
597,597.0,453.1210811447019,-35.11148758265567
598,598.0,457.89873887393065,-25.665395461370288
599,599.0,458.2219795653605,-19.04166562375869
600,600.0,457.89873887393065,-25.665395461370327
601,601.0,458.2219795653605,-19.041665623758643
602,602.0,458.22197956536047,-19.041665623758686
603,603.0,458.22197956536047,-19.041665623758686
604,604.0,458.19439450241987,-19.09936257914804
605,605.0,458.2219795653605,-19.041665623758696
606,606.0,457.89873887393065,-25.665395461370284
607,607.0,457.87029967108344,-25.723092416759652
608,608.0,458.22197956536047,-19.041665623758657
609,609.0,457.89873887393065,-25.665395461370284
610,610.0,457.87029967108344,-25.723092416759652
611,611.0,458.22197956536047,-19.041665623758657
612,612.0,453.1210811447019,-35.11148758265567
613,613.0,453.1210811447019,-35.11148758265566
614,614.0,457.87029967108344,-25.72309241675965
615,615.0,457.89873887393065,-25.665395461370316
616,616.0,457.89873887393065,-25.66539546137031
617,617.0,458.2219795653605,-19.041665623758643
618,618.0,458.22197956536047,-19.041665623758686
619,619.0,458.22197956536047,-19.041665623758686
620,620.0,458.184948662105,-19.324637742351552
621,621.0,457.89873887393065,-25.66539546137026
622,622.0,458.2219795653605,-19.041665623758643
623,623.0,457.89873887393065,-25.665395461370284
624,624.0,457.89873887393065,-25.66539546137031
625,625.0,457.89873887393065,-25.66539546137031
626,626.0,457.89873887393065,-25.66539546137031
627,627.0,457.87029967108344,-25.723092416759652
628,628.0,458.22197956536047,-19.041665623758657
629,629.0,457.87029967108344,-25.72309241675963
630,630.0,457.89873887393065,-25.665395461370316
631,631.0,457.89873887393065,-25.66539546137031
632,632.0,458.2219795653605,-19.041665623758643
633,633.0,457.89873887393065,-25.665395461370284
634,634.0,458.21256265977297,-19.26694078696211
635,635.0,458.22197956536047,-19.04166562375861
636,636.0,457.89873887393065,-25.665395461370284
637,637.0,458.2219795653605,-19.041665623758643
638,638.0,458.22197956536047,-19.041665623758686
639,639.0,458.445397813887,-12.561242366563276
640,640.0,457.89873887393065,-25.66539546137033
641,641.0,458.2219795653605,-19.041665623758643
642,642.0,458.22197956536047,-19.041665623758686
643,643.0,458.19439450241987,-19.09936257914804
644,644.0,457.89873887393065,-25.66539546137029
645,645.0,458.19439450241987,-19.099362579148025
646,646.0,453.1210811447019,-35.111487582655656
647,647.0,458.22197956536047,-19.041665623758657
648,648.0,457.89873887393065,-25.665395461370284
649,649.0,457.89873887393065,-25.66539546137031
650,650.0,458.2219795653605,-19.041665623758643
651,651.0,457.89873887393065,-25.665395461370284
652,652.0,457.89873887393065,-25.66539546137031
653,653.0,453.59848838249945,-28.46234957458448
654,654.0,458.22197956536047,-19.041665623758632
655,655.0,458.22197956536047,-19.041665623758686
656,656.0,457.89873887393065,-25.665395461370284
657,657.0,457.89873887393065,-25.66539546137031
658,658.0,457.89873887393065,-25.66539546137031
659,659.0,458.23117207398275,-18.819153175122175
660,660.0,458.22197956536047,-19.04166562375864
661,661.0,458.22142512087987,-19.055003193768744
662,662.0,457.89873887393065,-25.66539546137032
663,663.0,457.89873887393065,-25.66539546137031
664,664.0,458.19439450241987,-19.099362579148025
665,665.0,453.1210811447019,-35.11148758265568
666,666.0,453.58569024680463,-28.487757745044064
667,667.0,457.88565833043504,-25.89771190334645
668,668.0,457.89873887393065,-25.665395461370334
669,669.0,457.89873887393065,-25.66539546137031
670,670.0,457.89873887393065,-25.66539546137031
671,671.0,457.8856583304351,-25.897711903346355
672,672.0,457.46890055580735,-32.43721028056388
673,673.0,457.89873887393065,-25.665395461370327
674,674.0,458.2219795653605,-19.041665623758643
675,675.0,458.22197956536047,-19.041665623758686
676,676.0,458.22197956536047,-19.041665623758686
677,677.0,457.89873887393065,-25.665395461370284
678,678.0,453.1210811447019,-35.11148758265566
679,679.0,453.1210811447019,-35.11148758265566
680,680.0,458.2219795653605,-19.041665623758643
681,681.0,457.89873887393065,-25.665395461370284
682,682.0,457.89873887393065,-25.66539546137031
683,683.0,457.89873887393065,-25.66539546137031
684,684.0,458.2219795653605,-19.041665623758643
685,685.0,458.21256265977297,-19.266940786962103
686,686.0,457.89873887393065,-25.665395461370267
687,687.0,457.89873887393065,-25.66539546137031
688,688.0,458.2219795653605,-19.041665623758643
689,689.0,458.22197956536047,-19.041665623758686
690,690.0,457.87029967108344,-25.723092416759656
691,691.0,453.1030194724804,-35.34380402463175
692,692.0,457.89873887393065,-25.6653954613703
693,693.0,457.89873887393065,-25.66539546137031
694,694.0,457.89873887393065,-25.66539546137031
695,695.0,457.8856583304351,-25.897711903346355
696,696.0,453.58569024680463,-28.487757745044014
697,697.0,458.22197956536047,-19.041665623758675
698,698.0,453.58569024680463,-28.487757745044043
699,699.0,458.1943945024198,-19.09936257914805
700,700.0,457.87029967108344,-25.72309241675959
701,701.0,457.89873887393065,-25.665395461370316
702,702.0,457.89873887393065,-25.66539546137031
703,703.0,458.2219795653605,-19.041665623758643
704,704.0,458.22197956536047,-19.041665623758686
705,705.0,458.22197956536047,-19.041665623758686
706,706.0,457.89873887393065,-25.665395461370284
707,707.0,458.19439450241987,-19.099362579148025
708,708.0,457.89873887393065,-25.66539546137029
709,709.0,457.89873887393065,-25.66539546137031
710,710.0,458.2219795653605,-19.041665623758643
711,711.0,457.89873887393065,-25.665395461370284
712,712.0,457.89873887393065,-25.66539546137031
713,713.0,457.89873887393065,-25.66539546137031
714,714.0,453.1210811447019,-35.11148758265566
715,715.0,457.89873887393065,-25.665395461370288
716,716.0,458.2219795653605,-19.041665623758643
717,717.0,453.0921804681347,-35.167178342778215
718,718.0,458.19439450241987,-19.09936257914807
719,719.0,457.89873887393065,-25.66539546137029
720,720.0,457.89873887393065,-25.66539546137031
721,721.0,458.2219795653605,-19.041665623758643
722,722.0,458.22197956536047,-19.041665623758686
723,723.0,458.22197956536047,-19.041665623758686
724,724.0,458.22197956536047,-19.041665623758686
725,725.0,458.22197956536047,-19.041665623758686
726,726.0,458.184948662105,-19.324637742351552
727,727.0,457.87029967108344,-25.723092416759613
728,728.0,458.22197956536047,-19.041665623758682
729,729.0,458.2219795653605,-19.04166562375867
730,730.0,457.89873887393065,-25.66539546137022
731,731.0,457.89873887393065,-25.66539546137028
732,732.0,458.19439450241987,-19.099362579148025
733,733.0,458.2219795653605,-19.041665623758696
734,734.0,458.21256265977297,-19.266940786962103
735,735.0,458.22197956536047,-19.04166562375861
736,736.0,457.89873887393065,-25.665395461370284
737,737.0,458.2219795653605,-19.041665623758643
738,738.0,457.87029967108344,-25.72309241675963
739,739.0,458.19439450241987,-19.09936257914807
740,740.0,458.1943945024198,-19.099362579148046
741,741.0,458.2251699666919,-19.24059275213123
742,742.0,458.21256265977297,-19.266940786962106
743,743.0,457.87029967108344,-25.723092416759663
744,744.0,457.87029967108344,-25.723092416759705
745,745.0,457.89873887393065,-25.665395461370316
746,746.0,458.2219795653605,-19.041665623758643
747,747.0,458.2335361637805,-18.761501042345294
748,748.0,457.87029967108344,-25.72309241675964
749,749.0,457.89873887393065,-25.665395461370323
750,750.0,458.19439450241987,-19.099362579148025
751,751.0,458.1943945024198,-19.099362579148075
752,752.0,458.22197956536047,-19.041665623758675
753,753.0,458.22197956536047,-19.041665623758686
754,754.0,458.22197956536047,-19.041665623758686
755,755.0,457.8856583304351,-25.89771190334643
756,756.0,458.22197956536047,-19.041665623758636
757,757.0,457.89873887393065,-25.665395461370284
758,758.0,457.89873887393065,-25.66539546137031
759,759.0,458.2219795653605,-19.041665623758643
760,760.0,457.89873887393065,-25.665395461370284
761,761.0,457.89873887393065,-25.66539546137031
762,762.0,458.2219795653605,-19.041665623758643
763,763.0,457.89873887393065,-25.665395461370284
764,764.0,458.19439450241987,-19.099362579148025
765,765.0,457.89873887393065,-25.66539546137029
766,766.0,457.89873887393065,-25.66539546137031
767,767.0,457.89873887393065,-25.66539546137031
768,768.0,457.89873887393065,-25.66539546137031
769,769.0,458.42465090765563,-12.39871947271118
770,770.0,457.89873887393065,-25.665395461370302
771,771.0,457.89873887393065,-25.66539546137031
772,772.0,457.89873887393065,-25.66539546137031
773,773.0,458.2219795653605,-19.041665623758643
774,774.0,458.22197956536047,-19.041665623758686
775,775.0,457.89873887393065,-25.665395461370284
776,776.0,457.8856583304351,-25.897711903346355
777,777.0,457.89873887393065,-25.665395461370334
778,778.0,458.2219795653605,-19.041665623758643
779,779.0,458.19439450241987,-19.09936257914804
780,780.0,457.89873887393065,-25.66539546137029
781,781.0,457.89873887393065,-25.66539546137031
782,782.0,458.2219795653605,-19.041665623758643
783,783.0,457.87029967108344,-25.72309241675963
784,784.0,458.23457366009524,-19.01531758892767
785,785.0,457.8856583304351,-25.89771190334638
786,786.0,458.22197956536047,-19.041665623758636
787,787.0,458.22197956536047,-19.041665623758686
788,788.0,458.19439450241987,-19.099362579148053
789,789.0,457.8987388739307,-25.66539546137027
790,790.0,457.87029967108344,-25.723092416759652
791,791.0,458.19439450241987,-19.09936257914807
792,792.0,458.1943945024198,-19.099362579148046
793,793.0,458.2219795653605,-19.041665623758696
794,794.0,457.87029967108344,-25.72309241675963
795,795.0,457.87029967108344,-25.72309241675962
796,796.0,458.21256265977297,-19.266940786962145
797,797.0,457.89873887393065,-25.665395461370267
798,798.0,458.19439450241987,-19.099362579148025
799,799.0,457.89873887393065,-25.66539546137029
800,800.0,457.87029967108344,-25.723092416759602
801,801.0,457.89873887393065,-25.665395461370323
802,802.0,457.89873887393065,-25.66539546137031
803,803.0,458.2219795653605,-19.041665623758643
804,804.0,457.89873887393065,-25.665395461370284
805,805.0,457.89873887393065,-25.66539546137031
806,806.0,457.89873887393065,-25.66539546137031
807,807.0,457.89873887393065,-25.66539546137031
808,808.0,458.2219795653605,-19.041665623758643
809,809.0,458.22197956536047,-19.041665623758686
810,810.0,458.19439450241987,-19.09936257914804
811,811.0,457.8856583304351,-25.89771190334638
812,812.0,457.46890055580735,-32.43721028056388
813,813.0,458.22197956536047,-19.041665623758636
814,814.0,457.87029967108344,-25.723092416759656
815,815.0,457.89873887393065,-25.665395461370323
816,816.0,458.2219795653605,-19.041665623758643
817,817.0,458.19439450241987,-19.09936257914804
818,818.0,458.2219795653605,-19.041665623758696
819,819.0,458.22197956536047,-19.041665623758686
820,820.0,457.89873887393065,-25.665395461370284
821,821.0,458.19439450241987,-19.099362579148025
822,822.0,458.2219795653605,-19.041665623758696
823,823.0,457.87029967108344,-25.72309241675963
824,824.0,457.89873887393065,-25.665395461370316
825,825.0,458.2219795653605,-19.041665623758643
826,826.0,457.87029967108344,-25.72309241675963
827,827.0,457.89873887393065,-25.665395461370316
828,828.0,457.89873887393065,-25.66539546137031
829,829.0,458.2219795653605,-19.041665623758643
830,830.0,457.46890055580735,-32.43721028056387
831,831.0,457.89873887393065,-25.665395461370327
832,832.0,457.89873887393065,-25.66539546137031
833,833.0,458.1943945024198,-19.099362579148107
834,834.0,458.1943945024198,-19.099362579148035
835,835.0,457.8987388739307,-25.66539546137027
836,836.0,458.2219795653605,-19.041665623758643
837,837.0,458.19439450241987,-19.09936257914804
838,838.0,457.89873887393065,-25.66539546137029
839,839.0,457.89873887393065,-25.66539546137031
840,840.0,453.5714855226466,-28.71303290824756
841,841.0,457.8856583304351,-25.897711903346416
842,842.0,458.19439450241987,-19.099362579148085
843,843.0,457.89873887393065,-25.66539546137029
844,844.0,458.2219795653605,-19.041665623758643
845,845.0,457.87029967108344,-25.723092416759656
846,846.0,457.89873887393065,-25.665395461370323
847,847.0,458.2219795653605,-19.041665623758643
848,848.0,457.87029967108344,-25.723092416759656
849,849.0,457.87029967108344,-25.723092416759705
850,850.0,458.21256265977297,-19.266940786962145
851,851.0,457.89873887393065,-25.665395461370267
852,852.0,457.4395805000871,-32.494907235953285
853,853.0,457.89873887393065,-25.66539546137032
854,854.0,457.89873887393065,-25.66539546137031
855,855.0,457.89873887393065,-25.66539546137031
856,856.0,457.89873887393065,-25.66539546137031
857,857.0,457.87029967108344,-25.723092416759602
858,858.0,458.22197956536047,-19.041665623758668
859,859.0,458.22197956536047,-19.041665623758686
860,860.0,457.87029967108344,-25.723092416759656
861,861.0,457.89873887393065,-25.665395461370323
862,862.0,458.2219795653605,-19.041665623758643
863,863.0,457.89873887393065,-25.665395461370284
864,864.0,457.89873887393065,-25.66539546137031
865,865.0,458.2219795653605,-19.041665623758643
866,866.0,457.89873887393065,-25.665395461370284
867,867.0,457.87029967108344,-25.723092416759602
868,868.0,457.89873887393065,-25.665395461370323
869,869.0,457.89873887393065,-25.66539546137031
870,870.0,458.19439450241987,-19.099362579148025
871,871.0,458.1943945024198,-19.099362579148075
872,872.0,458.4513788284987,-12.34102251732181
873,873.0,458.42465090765563,-12.398719472711154
874,874.0,457.91172298546445,-25.63904742653933
875,875.0,458.21042247427073,-19.065840723693054
876,876.0,457.89873887393065,-25.66539546137034
877,877.0,458.19439450241987,-19.099362579148025
878,878.0,458.2219795653605,-19.041665623758696
879,879.0,457.89873887393065,-25.665395461370284
880,880.0,457.89873887393065,-25.66539546137031
881,881.0,458.2219795653605,-19.041665623758643
882,882.0,458.22197956536047,-19.041665623758686
883,883.0,458.19439450241987,-19.09936257914804
884,884.0,457.87029967108344,-25.723092416759613
885,885.0,458.2345736600953,-19.015317588927672
886,886.0,458.22197956536047,-19.041665623758707
887,887.0,458.22197956536047,-19.041665623758686
888,888.0,457.87029967108344,-25.723092416759656
889,889.0,457.89873887393065,-25.665395461370323
890,890.0,457.87029967108344,-25.723092416759602
891,891.0,457.87029967108344,-25.72309241675965
892,892.0,458.19439450241987,-19.09936257914805
893,893.0,457.8987388739307,-25.66539546137027
894,894.0,458.1943945024198,-19.099362579148107
895,895.0,457.8987388739307,-25.66539546137027
896,896.0,458.2219795653605,-19.041665623758643
897,897.0,458.19439450241987,-19.099362579148053
898,898.0,457.87029967108344,-25.723092416759677
899,899.0,457.87029967108344,-25.723092416759705
900,900.0,458.22197956536047,-19.041665623758657
901,901.0,457.87029967108344,-25.72309241675963
902,902.0,457.89873887393065,-25.665395461370316
903,903.0,458.2219795653605,-19.041665623758643
904,904.0,458.19439450241987,-19.099362579148053
905,905.0,457.8987388739307,-25.66539546137027
906,906.0,458.2009934454412,-19.291115886896513
907,907.0,457.89873887393065,-25.665395461370288
908,908.0,458.2219795653605,-19.041665623758643
909,909.0,457.89873887393065,-25.665395461370284
910,910.0,457.89873887393065,-25.66539546137031
911,911.0,457.87029967108344,-25.723092416759652
912,912.0,457.89873887393065,-25.665395461370316
913,913.0,458.1943945024198,-19.099362579148107
914,914.0,458.21042247427073,-19.065840723693046
915,915.0,458.2219795653605,-19.041665623758643
916,916.0,457.89873887393065,-25.665395461370284
917,917.0,453.0921804681347,-35.167178342778215
918,918.0,458.19439450241987,-19.09936257914804
919,919.0,457.87029967108344,-25.723092416759613
920,920.0,458.19439450241987,-19.099362579148043
921,921.0,457.89873887393065,-25.66539546137029
922,922.0,457.89873887393065,-25.66539546137031
923,923.0,458.1943945024198,-19.099362579148107
924,924.0,458.22197956536047,-19.041665623758675
925,925.0,458.21042247427073,-19.065840723693086
926,926.0,457.87029967108344,-25.723092416759652
927,927.0,457.87029967108344,-25.723092416759705
928,928.0,457.91128696367986,-25.44053572138554
929,929.0,457.87029967108344,-25.723092416759687
930,930.0,455.84271270838065,-23.95101050607675
931,931.0,457.85718903971,-25.955408858735797
932,932.0,458.42465090765563,-12.398719472711143
933,933.0,457.89873887393065,-25.665395461370274
934,934.0,458.1943945024198,-19.099362579148107
935,935.0,458.1943945024198,-19.099362579148035
936,936.0,458.1943945024198,-19.099362579148035
937,937.0,458.22197956536047,-19.041665623758675
938,938.0,457.87029967108344,-25.723092416759656
939,939.0,453.57392142415415,-28.511119291695188
940,940.0,458.184948662105,-19.324637742351484
941,941.0,455.8146120528786,-24.008199124746216
942,942.0,457.89873887393065,-25.665395461370267
943,943.0,458.1943945024198,-19.099362579148107
944,944.0,453.58569024680463,-28.487757745044085
945,945.0,457.89873887393065,-25.665395461370284
946,946.0,458.18027834541294,-19.43505440406072
947,947.0,458.22197956536047,-19.04166562375866
948,948.0,453.1210811447019,-35.11148758265567
949,949.0,458.19439450241987,-19.09936257914807
950,950.0,457.85718903971,-25.955408858735797
951,951.0,457.8856583304351,-25.897711903346433
952,952.0,457.87029967108344,-25.723092416759584
953,953.0,457.89873887393065,-25.665395461370323
954,954.0,457.89873887393065,-25.66539546137031
955,955.0,457.87029967108344,-25.723092416759602
956,956.0,457.87029967108344,-25.72309241675965
957,957.0,457.87029967108344,-25.72309241675965
958,958.0,457.87029967108344,-25.72309241675965
959,959.0,457.87029967108344,-25.72309241675965
960,960.0,458.22197956536047,-19.041665623758668
961,961.0,458.19439450241987,-19.09936257914804
962,962.0,458.2219795653605,-19.041665623758696
963,963.0,457.87029967108344,-25.723092416759656
964,964.0,457.87029967108344,-25.723092416759705
965,965.0,458.41864182726886,-12.618939321952645
966,966.0,457.87029967108344,-25.723092416759638
967,967.0,457.89873887393065,-25.665395461370323
968,968.0,457.88682391058893,-25.68957056130471
969,969.0,457.87029967108344,-25.7230924167596
970,970.0,457.87029967108344,-25.72309241675965
971,971.0,457.88682391058893,-25.689570561304656
972,972.0,457.87029967108344,-25.7230924167596
973,973.0,457.87029967108344,-25.72309241675965
974,974.0,457.89873887393065,-25.665395461370323
975,975.0,457.89873887393065,-25.66539546137031
976,976.0,457.88682391058893,-25.68957056130471
977,977.0,458.19439450241987,-19.099362579148057
978,978.0,458.1943945024198,-19.099362579148035
979,979.0,458.22197956536047,-19.041665623758675
980,980.0,458.19439450241987,-19.099362579148053
981,981.0,458.1943945024198,-19.099362579148035
982,982.0,457.87029967108344,-25.723092416759677
983,983.0,453.5576324805861,-28.543448505166594
984,984.0,457.88682391058893,-25.689570561304656
985,985.0,457.87029967108344,-25.7230924167596
986,986.0,457.87029967108344,-25.72309241675965
987,987.0,453.1210811447019,-35.111487582655656
988,988.0,453.5576324805861,-28.543448505166566
989,989.0,458.19439450241987,-19.099362579148053
990,990.0,453.1210811447019,-35.11148758265568
