,t,x,y
0,0.0,362.41523255603107,-10.798315118837408
1,1.0,362.41523255603107,-10.798315118837408
2,2.0,362.41523255603107,-10.798315118837408
3,3.0,362.3975754790534,-10.919326725576292
4,4.0,362.3975754790534,-11.040338332315178
5,5.0,362.41523255603107,-11.040338332315178
6,6.0,362.3975754790534,-11.040338332315178
7,7.0,362.3975754790534,-11.040338332315178
8,8.0,362.3975754790534,-11.161349939054062
9,9.0,362.3975754790534,-11.161349939054062
10,10.0,362.3975754790534,-11.161349939054062
11,11.0,362.3975754790534,-11.161349939054062
12,12.0,362.3975754790534,-11.161349939054062
13,13.0,362.3968611880305,-11.220161161003025
14,14.0,362.3968611880305,-11.278972382951986
15,15.0,362.3968611880305,-11.337783604900949
16,16.0,362.3975754790534,-11.278972382951986
17,17.0,362.3975754790534,-11.220161161003025
18,18.0,362.3975754790534,-11.161349939054062
19,19.0,362.3975754790534,-11.161349939054062
20,20.0,362.3975754790534,-11.161349939054062
21,21.0,362.3975754790534,-11.161349939054062
22,22.0,362.3975754790534,-11.161349939054062
23,23.0,362.3975754790534,-11.161349939054062
24,24.0,362.3975754790534,-11.161349939054062
25,25.0,362.3975754790534,-11.161349939054062
26,26.0,362.3975754790534,-11.161349939054062
27,27.0,361.0779187898511,-6.637104678778418
28,28.0,362.3975754790534,-6.637104678778418
29,29.0,362.3975754790534,-6.637104678778418
30,30.0,362.3975754790534,-11.161349939054062
31,31.0,362.3975754790534,-11.161349939054062
32,32.0,363.70589476278695,-6.699499055550433
33,33.0,362.3975754790534,-6.699499055550433
34,34.0,362.3975754790534,-6.699499055550433
35,35.0,363.7066510392999,-6.640741831025675
36,36.0,362.3975754790534,-6.640741831025675
37,37.0,362.3975754790534,-6.640741831025675
38,38.0,362.3975754790534,-11.161349939054062
39,39.0,362.3975754790534,-11.161349939054062
40,40.0,362.3975754790534,-11.161349939054062
41,41.0,362.3975754790534,-11.161349939054062
42,42.0,362.3975754790534,-11.161349939054062
43,43.0,362.3975754790534,-11.161349939054062
44,44.0,362.3975754790534,-11.161349939054062
45,45.0,362.3975754790534,-11.161349939054062
46,46.0,362.3975754790534,-11.161349939054062
47,47.0,362.3968611880305,-11.220161161003025
48,48.0,362.3975754790534,-11.220161161003025
49,49.0,362.3975754790534,-11.220161161003025
50,50.0,362.3975754790534,-11.161349939054062
51,51.0,362.3975754790534,-11.161349939054062
52,52.0,362.3975754790534,-11.161349939054062
53,53.0,362.3975754790534,-11.161349939054062
54,54.0,362.3975754790534,-11.161349939054062
55,55.0,362.3968611880305,-11.220161161003025
56,56.0,362.3975754790534,-11.220161161003025
57,57.0,362.3975754790534,-11.220161161003025
58,58.0,362.3975754790534,-11.161349939054062
59,59.0,362.3968611880305,-11.220161161003025
60,60.0,363.72466189711423,-6.576547183093347
61,61.0,359.73773059600217,-2.3064478157368433
62,62.0,359.7744688976524,1.4550947371963712
63,63.0,361.07865936105804,-4.339909007929313
64,64.0,361.04784858056195,-9.82302086349354
65,65.0,361.07865936105804,-14.677141961693799
66,66.0,362.3775909073684,-10.094681670985587
67,67.0,361.07126667142734,-0.9553504919786153
68,68.0,361.03999867359386,7.130720662990808
69,69.0,361.0781335231665,10.290752596628185
70,70.0,361.0960943488635,9.07826088093824
71,71.0,361.0960943488635,8.857406468294128
72,72.0,362.2150679957711,0.17754027364048142
73,73.0,361.0968357385953,-5.52992744841022
74,74.0,361.0781335231665,-11.385812945045169
75,75.0,361.0960943488635,-8.31663324030579
76,76.0,361.07126667142734,-8.293314821489474
77,77.0,361.0960943488635,-8.170840332748519
78,78.0,361.0781335231665,-8.293314821489474
79,79.0,362.39650858621786,-3.8977194352863145
80,80.0,362.39650858621786,0.5471376555764552
81,81.0,361.0781335231665,0.5471376555764552
82,82.0,361.07732718479747,-4.243410668949109
83,83.0,359.7587919612234,-5.338595940315629
84,84.0,359.7860362095551,-2.126308833986775
85,85.0,362.39566085710175,0.9357868669919552
86,86.0,362.36782858667794,-0.2736632957385036
87,87.0,362.4155488958968,-2.1931758767367135
88,88.0,359.7941943595988,4.421321430575573
89,89.0,361.1012987477331,6.531707909113282
90,90.0,361.1012987477331,9.277831204429438
91,91.0,358.48249968550573,2.7669419463472473
92,92.0,358.47274443346305,-0.3478181807047183
93,93.0,358.50968761885156,-3.7773804414434786
94,94.0,357.2667618438481,-1.9566685327935076
95,95.0,357.2667618438481,1.5482078841509619
96,96.0,357.2673891368495,5.646258423803443
97,97.0,358.55813059045823,9.892277937708165
98,98.0,359.80550395684776,0.49925235796505874
99,99.0,359.83303278627926,0.07051035928931881
100,100.0,358.52911513360147,-9.36823265470822
101,101.0,357.2667618438481,-0.8056768704807121
102,102.0,357.2667618438481,-1.1515918529441294
103,103.0,359.8219115757044,2.8691145789066375
104,104.0,357.2488734518326,1.9984008138805152
105,105.0,358.50968761885156,-3.564416860693323
106,106.0,358.52845120068287,-8.939284675430798
107,107.0,357.24800129074265,-9.825109311110175
108,108.0,358.50968761885156,-10.820408918248182
109,109.0,357.2673891368495,-8.398489771401453
110,110.0,357.2398763110798,-10.998442242740078
111,111.0,356.0007043954918,-5.016503435095378
112,112.0,356.0194611526469,-2.452147620841089
113,113.0,354.7281761159658,-4.19912235988614
114,114.0,354.7281761159658,-10.056176315768374
115,115.0,353.49791208149287,-11.929445080361523
116,116.0,354.72879123527474,-13.303336965114328
117,117.0,353.4717022738596,-11.079504222653632
118,118.0,354.7098096602786,-17.144593269579442
119,119.0,354.79843042959334,-10.06604588471081
120,120.0,354.7675311533879,-7.139324813265158
121,121.0,353.49209859345257,-4.791079915719242
122,122.0,352.2820293055892,-7.401214232407857
123,123.0,352.2820293055892,-9.624988030732268
124,124.0,352.25538440998,-8.036465154423581
125,125.0,352.29337583654814,-10.020334483236155
126,126.0,352.29337583654814,-11.672549509104561
127,127.0,352.2820293055892,-12.93481169297211
128,128.0,351.0115685837761,-18.590208188759622
129,129.0,349.81151159192,-20.724473123015155
130,130.0,349.8206757318715,-22.21143551196916
131,131.0,349.80533814736674,-19.376907268055913
132,132.0,349.8226222888939,-20.277343213912605
133,133.0,348.6358519281412,-18.250341203496447
134,134.0,347.37405500206904,-20.41953297914483
135,135.0,349.89901402559804,-13.539717054374742
136,136.0,347.3854641049861,-18.117835517491343
137,137.0,348.63395088779413,-13.94838531699996
138,138.0,347.4602942490408,-14.990892668194292
139,139.0,348.63395088779413,-11.268338959537298
140,140.0,347.4602942490408,-7.8109751228038204
141,141.0,346.2126371834432,-12.118955628579158
142,142.0,346.203640638027,-12.612763597152204
143,143.0,346.2126371834432,-17.248937678733824
144,144.0,346.2126371834432,-17.987373224297954
145,145.0,347.45060686337575,-14.377808289445065
146,146.0,346.2126371834432,-14.87009865315448
147,147.0,346.203143225079,-15.284703630382188
148,148.0,347.4326416056581,-16.12325831650281
149,149.0,346.2902398584193,-8.944978487375176
150,150.0,346.30128665108936,-1.5117561140129443
151,151.0,346.30128665108936,1.801705238983369
152,152.0,347.46215106899376,-2.5474523052196503
153,153.0,346.30128665108936,-2.88244775097912
154,154.0,346.30128665108936,-2.88244775097912
155,155.0,346.2967399064574,1.0255645036883105
156,156.0,346.2967399064574,0.9970286989537319
157,157.0,346.2967399064574,0.9684928942191533
158,158.0,346.30128665108936,0.9970286989537319
159,159.0,346.30128665108936,1.0255645036883105
160,160.0,346.30128665108936,1.054100308422889
161,161.0,346.1988482593867,-6.205434752920368
162,162.0,347.4367115260843,-8.346831992033572
163,163.0,347.4528926506378,-9.513124814156717
164,164.0,349.7961324687376,-9.511042918936909
165,165.0,349.8129049032554,-13.170694930194605
166,166.0,350.99566578346474,-20.889970553202964
167,167.0,351.0741754327326,-13.021596663678947
168,168.0,352.2668775853537,-10.003842308190046
169,169.0,352.28346169684795,-3.2895871627916953
170,170.0,353.55203611621755,-0.08625192300201452
171,171.0,353.4997026654967,-1.3539463154155698
172,172.0,354.79640387606156,2.279349780619796
173,173.0,354.7289118982446,-7.736515108407201
174,174.0,354.7120164678592,-9.057399151234984
175,175.0,355.9075049260821,-8.58452166121927
176,176.0,356.0212972487255,-0.24473434195421837
177,177.0,357.27689787158556,3.694347066203998
178,178.0,357.2270207967584,1.252770535095209
179,179.0,359.8242461217704,0.7837570075204118
180,180.0,359.8242461217704,4.88984197664643
181,181.0,358.5120729712014,5.088937174995299
182,182.0,359.7630959031569,-0.10603321514946866
183,183.0,359.81189060034484,-3.58977373804278
184,184.0,359.8060226474193,-2.5368025063795705
185,185.0,362.3775909073684,-5.9896084079691425
186,186.0,361.07865936105804,-6.973975386051133
187,187.0,359.80519100353564,-3.7960072022739753
188,188.0,361.0779187898511,3.938597017683516
189,189.0,361.0962916004342,9.385562379491494
190,190.0,361.0781335231665,9.560226219832545
191,191.0,361.09709875732796,4.308421421020026
192,192.0,361.07865936105804,-3.6528812435636833
193,193.0,362.39401202142426,-6.852230222377398
194,194.0,361.09629160043414,-5.215585673591209
195,195.0,362.4026158363752,2.7491567812768394
196,196.0,362.4148323437665,-2.253140184106527
197,197.0,361.07865936105804,3.0276423827596735
198,198.0,361.07865936105804,2.292242118917299
199,199.0,361.0779187898511,9.922800853293793
200,200.0,359.787902661642,7.901064448612325
201,201.0,361.1210598901526,2.505424086065467
202,202.0,361.1210598901526,-2.4941330277011495
203,203.0,359.8242461217704,-6.855779759141659
204,204.0,358.51141343904237,-3.5893156488863815
205,205.0,358.4855664714717,-1.3894323789487757
206,206.0,359.79834283921394,-1.202906279613823
207,207.0,358.52902661760805,-0.6962264388593032
208,208.0,359.8242461217704,-4.046378044678062
209,209.0,358.51141343904237,2.013218390270538
210,210.0,358.51141343904237,3.3317322824355293
211,211.0,357.2588823082331,5.776622290482358
212,212.0,357.2675185489822,4.2199543745907535
213,213.0,357.25027084370714,3.9022390990612905
214,214.0,357.3103541612609,-1.8489869401312877
215,215.0,355.9687941947509,-3.4526288033065455
216,216.0,354.7120164678592,-1.7416284714775259
217,217.0,353.49881940155655,5.44506475532899
218,218.0,354.7873879597828,6.077963355130909
219,219.0,352.2328561730049,4.091582287692982
220,220.0,352.2157598957135,4.944911083815744
221,221.0,352.2328561730049,7.376978338975363
222,222.0,352.2006350254694,7.211595622233237
223,223.0,352.2157598957135,7.045722556033657
224,224.0,352.1821030559269,6.718765366288674
225,225.0,352.2663451842347,7.214756577656402
226,226.0,352.2423904435586,7.900841398823459
227,227.0,351.05594351540077,5.1152421104531145
228,228.0,351.030996670831,2.117758994182102
229,229.0,349.8669620215619,-3.5807257179569896
230,230.0,349.8424493279258,-5.4415950282282965
231,231.0,349.8255145862618,-7.325370861516419
232,232.0,349.85185139345157,-5.924473067814749
233,233.0,349.8749561988232,-4.084240643827083
234,234.0,348.63641554557745,-6.201908707665415
235,235.0,348.61816787736143,-9.09087701885899
236,236.0,348.650119897565,-12.539658488750442
237,237.0,347.35641033745515,-7.852401279055125
238,238.0,347.4048560188764,-3.515484409586245
239,239.0,347.4048560188764,0.6588087761913547
240,240.0,347.374374073177,0.32265365490540415
241,241.0,349.8424493279258,0.1889654503351276
242,242.0,348.6669755261907,-3.821963191674243
243,243.0,347.42888133507273,-2.9483629316922966
244,244.0,347.4136741629706,-1.1806565939303557
245,245.0,347.374374073177,4.502286350587004
246,246.0,347.3643127741653,5.655973251819574
247,247.0,347.35641033745515,5.780202571691992
248,248.0,347.4048560188764,6.021616876987598
249,249.0,347.48756499251664,-2.2102481164891827
250,250.0,346.24495852624773,-5.664755370567998
251,251.0,348.6669755261907,-9.814881653445852
252,252.0,347.3882701670844,-1.2852224181344856
253,253.0,346.26857150173396,-1.1530947657597277
254,254.0,346.24495852624773,-0.44508427631454595
255,255.0,344.98393752283454,0.15339263926567526
256,256.0,345.0001840428478,4.8108568479586085
257,257.0,346.24495852624773,5.229788386422759
258,258.0,346.24495852624773,1.2719078835258653
259,259.0,346.24495852624773,-2.9311798236920197
260,260.0,346.24495852624773,-2.7636072083063588
261,261.0,346.2284496495606,-2.4245494753779107
262,262.0,344.98393752283454,2.441044232782185
263,263.0,344.98393752283454,7.139065325556619
264,264.0,346.2284496495606,7.30660521187346
265,265.0,344.98393752283454,7.30660521187346
266,266.0,346.2284496495606,2.947609122958653
267,267.0,346.2284496495606,2.947609122958653
268,268.0,345.0001840428478,2.8628397328376707
269,269.0,346.2150023148576,2.6176742690061636
270,270.0,346.2284496495606,2.6176742690061636
271,271.0,346.2150023148576,-1.9017178936191688
272,272.0,346.2150023148576,-1.9017178936191688
273,273.0,346.24495852624773,-2.0731702820931397
274,274.0,346.24495852624773,-1.9994572067356036
275,275.0,346.24495852624773,-1.9257441313780674
276,276.0,346.24495852624773,-1.9257441313780674
277,277.0,346.24495852624773,-1.9257441313780674
278,278.0,344.98393752283454,2.1921074345274385
279,279.0,346.2284496495606,1.609630334575641
280,280.0,347.48756499251664,-3.89577054419037
281,281.0,347.33107600049897,-5.279970385861371
282,282.0,347.374374073177,-2.6669275587711545
283,283.0,348.61816787736143,-0.38586237007859364
284,284.0,347.3181046941684,-2.5187219368375793
285,285.0,347.35641033745515,-4.845089628905337
286,286.0,349.793008245924,-3.318328666431995
287,287.0,349.793008245924,-6.4553728889211754
288,288.0,349.8255145862618,-8.867706806567915
289,289.0,350.9549300874201,-7.026426849523456
290,290.0,350.91374167181874,-5.371847662095807
291,291.0,353.4860577366945,-5.514792250723905
292,292.0,353.51836134539354,-8.929200261419604
293,293.0,354.70377170886877,-8.391718351011098
294,294.0,354.6435358833558,-6.579010100982946
295,295.0,355.8742305460946,-1.6423402538535186
296,296.0,354.68484628557457,-5.230680049878927
297,297.0,354.599054136854,-0.14631986738083214
298,298.0,357.1189855491804,-0.06004275543434545
299,299.0,357.2150261621276,5.249087470346375
300,300.0,359.7882556758668,1.826085533745811
301,301.0,359.7882556758668,-0.05627894984365156
302,302.0,359.7882556758668,-2.7344974544985354
303,303.0,358.4904715270183,-9.779400592395882
304,304.0,361.07667930658755,-8.20057329641118
305,305.0,361.04842001869133,-6.220722955074353
306,306.0,358.4855664714717,0.5112407871538499
307,307.0,361.10307416099346,-0.8429085729390996
308,308.0,359.7872028969403,3.796614275680247
309,309.0,358.44089042484364,4.423232816475717
310,310.0,361.0310535970168,4.400250874885706
311,311.0,361.06651872392854,-1.166086675076696
312,312.0,361.07667930658755,-2.743389850813415
313,313.0,361.06651872392854,-3.732090855525447
314,314.0,361.01140996926733,-5.493553054302484
315,315.0,362.3235964507738,-3.1715165521588276
316,316.0,362.35972650440823,-1.5585824155824912
317,317.0,361.0165839182282,4.968429431096985
318,318.0,362.3353939101471,2.570557612453984
319,319.0,361.0049451201009,4.039323155019999
320,320.0,362.3752440388334,5.783989778071195
321,321.0,362.34632152649624,11.940153995988632
322,322.0,361.04098418342073,8.883318816571462
323,323.0,361.0779187898511,0.41127362821912133
324,324.0,361.05002581815944,1.2627035998524647
325,325.0,361.04098418342073,-1.3961064432402293
326,326.0,362.3213308519271,0.6762866417106806
327,327.0,362.3213308519271,-8.085827975110723
328,328.0,362.29005290335607,-7.9401606469794315
329,329.0,361.05002581815944,-8.240484055318271
330,330.0,361.0688467156824,-6.992484610605966
331,331.0,361.07732718479747,-5.615460285905435
332,332.0,362.4033981556675,-12.266544198682217
333,333.0,361.0523794459441,-15.32979637838126
334,334.0,361.07732718479747,-18.403988212699577
335,335.0,361.07732718479747,-17.995771748137404
336,336.0,359.78686567133803,-16.560521654442
337,337.0,359.78686567133803,-15.22152841294322
338,338.0,359.78686567133803,-13.299439476203892
339,339.0,358.50968761885156,-12.059701316096644
340,340.0,358.50968761885156,-11.897980961685173
341,341.0,358.50968761885156,-11.487191957812412
342,342.0,357.2673891368495,-10.37872315659317
343,343.0,357.2667618438481,-8.13746862721154
344,344.0,357.2667618438481,-5.564974290234201
345,345.0,357.2673891368495,-8.388468154310042
346,346.0,355.9926929564261,-7.832421013405785
347,347.0,354.78040904094996,-4.360073551177682
348,348.0,354.79843042959334,0.19597240846435207
349,349.0,356.0316653868443,-2.2279889082080806
350,350.0,354.77873617920926,-3.566465847939478
351,351.0,353.4795492922114,-10.323939457619387
352,352.0,353.49209859345257,-14.017064247552788
353,353.0,352.2913898204578,-18.098602533004946
354,354.0,352.29337583654814,-17.012545804400826
355,355.0,351.02070775842304,-19.132373033784365
356,356.0,351.01099877561177,-25.111454825378615
357,357.0,349.8226222888939,-27.315637359292023
358,358.0,348.63395088779413,-21.300586393300993
359,359.0,348.63395088779413,-15.285875699936193
360,360.0,348.61867808195166,-13.158352387884468
361,361.0,348.62476282533254,-15.201622059051862
362,362.0,347.3835559642994,-21.16913631286121
363,363.0,348.63395088779413,-22.075028191398896
364,364.0,348.63395088779413,-22.429545690932752
365,365.0,347.3835559642994,-22.592925238534942
366,366.0,348.6358519281412,-23.721639877348796
367,367.0,348.63395088779413,-24.961874620814967
368,368.0,347.46215106899376,-18.668495002282715
369,369.0,347.45753334183934,-15.918642916105696
370,370.0,345.056346411112,-14.268256941965598
371,371.0,345.05678665271233,-16.719453683737353
372,372.0,344.980676901707,-18.759633186896455
373,373.0,344.980676901707,-19.588826473366325
374,374.0,345.031405551448,-19.65437089082917
375,375.0,346.30496938288167,-15.523830593015267
376,376.0,345.0092062652964,-15.594422421100768
377,377.0,345.031405551448,-15.594422421100768
378,378.0,345.031405551448,-19.923847364379984
379,379.0,344.980676901707,-19.853255536294483
380,380.0,346.28583375876514,-15.529584008133847
381,381.0,343.81662351453406,-19.61453553493983
382,382.0,345.031405551448,-19.813420180405142
383,383.0,344.980676901707,-23.938207063100464
384,384.0,345.031405551448,-19.853255536294483
385,385.0,345.031405551448,-19.853255536294483
386,386.0,343.80079571091215,-24.03518127657786
387,387.0,344.980676901707,-23.836296631112546
388,388.0,344.980676901707,-23.637411985647233
389,389.0,346.3017890491208,-15.27036504429861
390,390.0,346.3017890491208,-11.085243843233362
391,391.0,345.05182039235916,-11.19185503642359
392,392.0,346.3017890491208,-10.856832475315395
393,393.0,346.30496938288167,-10.408894905273021
394,394.0,345.056346411112,-9.885607785282128
395,395.0,346.21489127671197,-17.06812245618595
396,396.0,345.0472674281272,-20.105635387472258
397,397.0,347.4367115260843,-16.90857649006226
398,398.0,349.80105212823076,-7.299394268353154
399,399.0,349.80638306871134,-8.820504078782648
400,400.0,355.93530897649356,-6.335276610100986
401,401.0,357.25027084370714,-9.612908916510305
402,402.0,357.25027084370714,-4.855300275860931
403,403.0,357.2249018951761,-4.150213458636148
404,404.0,358.51141343904237,-3.3892082014955967
405,405.0,359.7872028969403,-7.241662173470883
406,406.0,359.787902661642,-12.294592250758754
407,407.0,358.52902661760805,-9.565785264449191
408,408.0,359.787902661642,-6.139058547519613
409,409.0,361.10307416099346,2.1508208568883482
410,410.0,361.0962916004342,-2.7459340843339644
411,411.0,361.087679505757,-4.647891011684853
412,412.0,362.40642578038614,-7.287158871052674
413,413.0,362.40642578038614,-2.1476646019805012
414,414.0,361.087679505757,-1.8152859835768396
415,415.0,362.40642578038614,-1.8152859835768396
416,416.0,362.40642578038614,-1.8152859835768396
417,417.0,362.40642578038614,2.7497054882442775
418,418.0,361.087679505757,-1.8152859835768396
419,419.0,362.40642578038614,-1.8152859835768396
420,420.0,362.40642578038614,-1.8152859835768396
421,421.0,361.07865936105804,-1.2722284372406307
422,422.0,361.10374706126913,5.2357688956959665
423,423.0,361.0962916004342,3.336994773774157
424,424.0,362.3838482111225,2.963483123852946
425,425.0,361.0779187898511,-2.107317808478104
426,426.0,359.77523442951616,0.40753218530190455
427,427.0,362.39566085710175,-2.1896511354144597
428,428.0,361.07732718479747,-1.3746045201768613
429,429.0,362.4252037579959,-2.0717552106001116
430,430.0,359.83303278627926,-1.9298496843591575
431,431.0,361.1210598901526,-5.7185626341254405
432,432.0,359.8242461217704,-10.16445756737297
433,433.0,358.51141343904237,-2.2582882269911977
434,434.0,358.4877408988022,0.8262845670157238
435,435.0,358.5120729712014,7.379667847974207
436,436.0,359.8242461217704,4.307572578929862
437,437.0,358.51141343904237,5.64010942226583
438,438.0,357.25027084370714,2.439822647367324
439,439.0,357.25027084370714,3.9470933649998465
440,440.0,358.56009703956505,-3.5442319849525554
441,441.0,357.25027084370714,-1.3846243242192269
442,442.0,357.2853961547667,-8.104387802918373
443,443.0,357.31840125350635,-9.213004560993037
444,444.0,354.7289118982446,-4.852810822555877
445,445.0,353.497912081493,5.141325925347563
446,446.0,353.49881940155655,15.023786614882766
447,447.0,353.4860577366945,5.604411763056338
448,448.0,353.51836134539354,-1.0656449964657402
449,449.0,353.5009853553679,-9.043328740409905
450,450.0,353.51836134539354,-8.958955378372798
451,451.0,353.46723109679124,-9.373235486019965
452,452.0,352.2328561730049,-5.345039957543321
453,453.0,353.51836134539354,-5.345039957543321
454,454.0,353.51836134539354,-4.762737319612015
455,455.0,353.528028871716,-8.350402213171671
456,456.0,353.51836134539354,-7.426278296608904
457,457.0,351.05594351540077,-5.511345253439927
458,458.0,351.06398876267787,-3.0992070893283454
459,459.0,352.338664285252,-4.678320279821278
460,460.0,349.8669620215619,-6.153538786832684
461,461.0,349.8424493279258,-8.038115070251441
462,462.0,349.793008245924,-5.895300790418536
463,463.0,349.8255145862618,-4.936079684424186
464,464.0,347.42888133507273,-3.8220874751889986
465,465.0,347.4048560188764,-2.687059772025094
466,466.0,347.4048560188764,-1.1328286633789635
467,467.0,347.4136741629706,0.035971920796437
468,468.0,347.35641033745515,0.7958455388606799
469,469.0,346.2541050503315,-2.3807008669041494
470,470.0,346.1573739886215,2.8726742044527307
471,471.0,347.3882701670844,4.19619799715196
472,472.0,347.48756499251664,0.32585004075410967
473,473.0,347.4136741629706,-3.513739537562401
474,474.0,347.41406554097193,-3.2398288109333415
475,475.0,347.50434258622846,-2.819916045110214
476,476.0,347.48756499251664,-10.904363932795514
477,477.0,347.50434258622846,-19.135850157395325
478,478.0,347.42888133507273,-10.130322712491889
479,479.0,347.4048560188764,-1.2673090612024158
480,480.0,345.0001840428478,8.612684129398994
481,481.0,344.98393752283454,9.742418194940319
482,482.0,344.96047132967016,10.870761798700329
483,483.0,346.2284496495606,6.59282667506892
484,484.0,344.98393752283454,6.510307292772263
485,485.0,346.20458319537465,2.150821277663122
486,486.0,343.7697436472026,10.615742166746244
487,487.0,344.96047132967016,10.730909135493542
488,488.0,344.96047132967016,15.090395150602683
489,489.0,344.98393752283454,10.988222033019662
490,490.0,347.50434258622846,1.9282748039595343
491,491.0,344.96047132967016,1.9282748039595343
492,492.0,346.24495852624773,-2.522188141924938
493,493.0,346.24495852624773,2.054648554800077
494,494.0,346.2284496495606,-2.4245167463090858
495,495.0,344.9527070992249,1.788588688757926
496,496.0,346.19712951786886,1.3830739679196853
497,497.0,346.24495852624773,0.9601971982295888
498,498.0,346.24495852624773,-3.6718397753015686
499,499.0,346.24495852624773,-3.685256592927473
500,500.0,346.2284496495606,-3.6812295390294687
501,501.0,347.47430939973356,-8.682781379011288
502,502.0,347.45615392209174,-13.934550327073078
503,503.0,348.650119897565,-15.31576278491553
504,504.0,348.650119897565,-11.775866537795205
505,505.0,347.35641033745515,-4.070302586281699
506,506.0,347.33107600049897,-0.6205484820914506
507,507.0,349.643413481727,-0.48674357308127014
508,508.0,354.59528167610915,-5.124516234529523
509,509.0,355.8251056301404,-7.589659215857554
510,510.0,355.8679456630808,1.2212500573445553
511,511.0,358.3992624498284,-0.9090700080307362
512,512.0,357.19230054687205,-0.19640963486286012
513,513.0,358.37806455152366,-5.6935180883499585
514,514.0,359.6612052363046,-5.110931852397887
515,515.0,359.62309704500916,-3.1179452172791478
516,516.0,361.0049451201009,-1.0234416882659285
517,517.0,361.0510770951484,6.250313169261719
518,518.0,359.75084566842474,2.0330120226353157
519,519.0,361.0510770951484,-0.2503509553611014
520,520.0,361.04098418342073,-2.602570338829556
521,521.0,361.04098418342073,0.1591308118453091
522,522.0,362.3564889084725,2.747470002806127
523,523.0,362.3838482111225,6.098284737042527
524,524.0,361.07865936105804,5.336706049590731
525,525.0,362.3838482111225,5.658572115383282
526,526.0,361.05336495577086,1.1449626104788073
527,527.0,361.07865936105804,1.1449626104788073
528,528.0,361.0779187898511,-3.1919929657696375
529,529.0,361.07865936105804,-2.7907445889272697
530,530.0,361.07865936105804,-2.4583610399145948
531,531.0,361.07865936105804,-2.400423814486288
532,532.0,361.0779187898511,-2.292173662163126
533,533.0,361.0779187898511,-2.183923509839964
534,534.0,359.80279694129666,3.167045184823321
535,535.0,361.05336495577086,3.987086240929822
536,536.0,361.05336495577086,4.807127297036323
537,537.0,361.0510770951484,0.3264137869462675
538,538.0,362.372239683019,-4.2599211382444
539,539.0,361.07865936105804,-4.107965812382871
540,540.0,362.3968611880305,-8.542349577835202
541,541.0,362.3665617378633,-8.44994994653968
542,542.0,362.3975754790534,-12.868377379928253
543,543.0,362.3968611880305,-12.617659386753592
544,544.0,359.7872028969403,-12.039300444656584
545,545.0,362.3968611880305,-11.847384804480534
546,546.0,362.3968611880305,-11.680239475697425
547,547.0,362.3968611880305,-11.839219591250277
548,548.0,362.3975754790534,-11.863986355063082
549,549.0,361.05336495577086,-7.45704499139408
550,550.0,361.05336495577086,-3.7148734203610947
551,551.0,361.07865936105804,0.12092570039838672
552,552.0,361.07865936105804,-0.47498330632393504
553,553.0,359.72701933964044,-5.466386203907073
554,554.0,361.05336495577086,-6.200016782456782
555,555.0,362.372239683019,-11.525759838486538
556,556.0,358.48751688538783,-6.976663023922825
557,557.0,361.09629160043414,-6.787360413832052
558,558.0,361.0049451201009,-2.5454197746980554
559,559.0,358.48751688538783,-3.2879823903511887
560,560.0,361.07865936105804,-4.073188617942949
561,561.0,362.3968611880305,-8.137581188258737
562,562.0,362.3975754790534,-12.056841835337961
563,563.0,362.41523255603107,-15.862808960673656
564,564.0,362.41523255603107,-15.850115294848507
565,565.0,362.41523255603107,-15.812626484569428
566,566.0,362.41523255603107,-15.812626484569428
567,567.0,362.41523255603107,-15.812626484569428
568,568.0,362.41523255603107,-15.812626484569428
569,569.0,362.41523255603107,-15.812626484569428
570,570.0,361.09629160043414,-11.22145313164197
571,571.0,362.3975754790534,-11.25894194192105
572,572.0,361.09629160043414,-6.667768588993591
573,573.0,361.09629160043414,-6.667768588993591
574,574.0,362.41523255603107,-6.630279778714513
575,575.0,361.09629160043414,-6.630279778714512
576,576.0,361.09709875732796,-6.688159277263473
