,t,x,y
0,0.0,593.2740873222452,-329.1125979923222
1,1.0,628.1253754082384,-173.7746846017776
2,2.0,626.4596595703437,-123.6013182632403
3,3.0,593.0062009566986,-217.94756581256885
4,4.0,626.4685176259788,-118.15244833597528
5,5.0,628.1948433178347,-136.7377301912102
6,6.0,593.0062009566986,-195.44800396285095
7,7.0,628.3692166349931,-195.04012836813925
8,8.0,624.4327862776822,-248.60254483583725
9,9.0,628.1253754082384,-151.51972377550914
10,10.0,593.0062009566986,-194.30734045157365
11,11.0,589.6747692809091,-182.9998355502308
12,12.0,593.0062009566986,-182.9998355502308
13,13.0,632.6053533464581,-185.3985375333873
14,14.0,596.4010520603589,-251.9194159963606
15,15.0,626.6409875653841,-158.58552659899993
16,16.0,628.6747994145101,-219.49480581783817
17,17.0,628.6747994145101,-200.03362517204624
18,18.0,628.2593185910117,-181.31095609352255
19,19.0,632.6053533464581,-247.63661925175427
20,20.0,593.0239748661126,-273.6563579201597
21,21.0,593.0062009566986,-159.43754325650562
22,22.0,593.0239748661126,-159.51547632377557
23,23.0,593.0062009566986,-159.43754325650562
24,24.0,624.4416443333175,-138.4118016455767
25,25.0,589.6924853921796,-273.9795621024182
26,26.0,593.0239748661126,-206.9131792438076
27,27.0,593.0062009566986,-183.17536125015658
28,28.0,589.6747692809091,-183.07776861750077
29,29.0,593.0239748661126,-183.07776861750077
30,30.0,596.618915144865,-210.85499316715575
31,31.0,593.0062009566986,-187.21476780616058
32,32.0,589.6747692809091,-210.7770600998858
33,33.0,626.4596595703437,-129.76767849306646
34,34.0,589.6747692809091,-241.58779117356403
35,35.0,593.0062009566986,-206.64006091122596
36,36.0,593.2740873222452,-239.58416481792634
37,37.0,630.4744584351781,-214.37855538499082
38,38.0,628.2593185910117,-214.25506000022293
39,39.0,589.6924853921796,-274.62948771292025
40,40.0,630.5645376236573,-277.8762119091431
41,41.0,589.6924853921796,-349.5840472752953
42,42.0,630.3405152524049,-153.23987947709853
43,43.0,630.4744584351781,-192.86545176440123
44,44.0,626.4685176259788,-197.8318043632007
45,45.0,593.0062009566986,-218.0451584452247
46,46.0,589.6747692809091,-206.7376535438818
47,47.0,628.6747994145101,-164.96239952494028
48,48.0,593.0062009566986,-253.14228684444274
49,49.0,593.0062009566986,-182.9998355502308
50,50.0,593.0062009566986,-159.35961018923564
51,51.0,593.0062009566986,-159.35961018923564
52,52.0,628.7555010524254,-142.7507372123446
53,53.0,628.2441604069268,-226.28585727471923
54,54.0,630.4744584351781,-211.5663359570932
55,55.0,628.1253754082384,-185.96289536637516
56,56.0,630.4906246787714,-240.8756031255697
57,57.0,593.0062009566986,-323.4017379944007
58,58.0,628.1948433178347,-95.44800396285095
59,59.0,626.52912747994,-125.31231353015616
60,60.0,626.0342789894192,-106.8716896042868
61,61.0,628.2593185910117,-125.57178346949809
62,62.0,626.4596595703437,-180.18564753093585
63,63.0,593.0062009566986,-217.94756581256885
64,64.0,626.5784156699603,-190.43698541161461
65,65.0,626.52912747994,-184.70011140952747
66,66.0,626.4596595703437,-147.8118753798741
67,67.0,630.3405152524049,-170.61615197561173
68,68.0,628.1948433178347,-130.51922960995688
69,69.0,593.0239748661126,-195.5259370301209
70,70.0,589.6747692809091,-183.07776861750077
71,71.0,626.52912747994,-130.94730853797864
72,72.0,589.6924853921796,-242.8260473174971
73,73.0,628.8249088408767,-270.77978134904686
74,74.0,628.3155903579858,-274.1246785722441
75,75.0,596.618915144865,-296.2795803919564
76,76.0,630.3494022071118,-157.3572191003725
77,77.0,593.2740873222452,-286.16432381841304
78,78.0,593.0239748661126,-216.0998055914711
79,79.0,593.0062009566986,-216.02187252420114
80,80.0,593.0239748661126,-159.51547632377557
81,81.0,593.2740873222452,-216.02187252420114
82,82.0,628.2593185910117,-179.22280088675194
83,83.0,596.4010520603589,-229.23266086274012
84,84.0,632.7392965292314,-208.50374526405614
85,85.0,593.2740873222452,-386.74708338828077
86,86.0,626.569557614325,-263.44457031633243
87,87.0,593.0239748661126,-290.4661221625566
88,88.0,628.6747994145101,-153.22021991171266
89,89.0,630.4123588346849,-189.59327922362021
90,90.0,589.6747692809091,-254.52205357651425
91,91.0,628.3287865006081,-147.38039395769385
92,92.0,593.0062009566986,-252.03233323054647
93,93.0,630.4123588346849,-159.1739928493668
94,94.0,628.1253754082384,-130.0684494647154
95,95.0,628.2037302725417,-112.96083562765494
96,96.0,628.2593185910117,-140.72163503949906
97,97.0,626.52912747994,-181.3263110422131
98,98.0,628.1948433178347,-137.13242621065376
99,99.0,628.3067034032788,-186.46861966183909
100,100.0,630.3405152524049,-184.03446777634542
101,101.0,589.6747692809091,-253.14228684444268
102,102.0,626.4596595703437,-129.76767849306646
103,103.0,626.4685176259788,-147.29033994056337
104,104.0,630.4744584351781,-199.00590924211534
105,105.0,632.037940804235,-210.32811196998446
106,106.0,593.0062009566986,-207.84305262691842
107,107.0,593.2740873222452,-194.28493060040208
108,108.0,593.2740873222452,-272.5282687246267
109,109.0,628.6126661836458,-227.26854935157033
110,110.0,628.3067034032788,-227.74400890066542
111,111.0,630.5463020174583,-213.70639914226476
112,112.0,593.0239748661126,-287.54409055048455
113,113.0,626.6409875653841,-208.61463315664676
114,114.0,626.6498456210193,-258.46596342575003
115,115.0,628.3692166349931,-273.31035265468813
116,116.0,630.4744584351781,-268.0727321575188
117,117.0,629.9326990040499,-247.57401422082845
118,118.0,630.4123588346849,-162.91699613151792
119,119.0,593.0062009566986,-230.88182821551905
120,120.0,593.0239748661126,-159.43754325650562
121,121.0,628.7555010524254,-142.82867027961456
122,122.0,589.6747692809091,-278.2598715701653
123,123.0,593.0239748661126,-206.81558661115176
124,124.0,589.6747692809091,-206.7179939784959
125,125.0,628.1253754082384,-117.98653234620383
126,126.0,628.2037302725417,-112.96083562765494
127,127.0,589.6924853921796,-219.2637550237719
128,128.0,628.6836574701454,-165.14775500755903
129,129.0,593.0062009566986,-253.23987947709853
130,130.0,626.569557614325,-190.43698541161461
131,131.0,626.4596595703437,-183.46185526559438
132,132.0,589.6924853921796,-241.68538380621985
133,133.0,628.2593185910117,-158.15743575957003
134,134.0,593.0062009566986,-250.8916697192692
135,135.0,626.4596595703437,-134.41961776591904
136,136.0,589.6747692809091,-241.58779117356403
137,137.0,628.6747994145101,-176.78251220543785
138,138.0,593.0062009566986,-253.14228684444274
139,139.0,632.6053533464581,-185.3985375333873
140,140.0,589.6924853921796,-297.3162428465407
141,141.0,593.0239748661126,-183.17536125015658
142,142.0,626.4685176259788,-118.12309151249465
143,143.0,626.6498456210193,-221.50501489667693
144,144.0,593.0062009566986,-292.16224076868247
145,145.0,630.3405152524049,-141.370970480273
146,146.0,593.0239748661126,-229.5799945507175
147,147.0,630.9396375085634,-185.47647060065725
148,148.0,596.618915144865,-324.9958747635399
149,149.0,632.6053533464581,-213.17576208304231
150,150.0,630.4906246787714,-280.51114532622773
151,151.0,626.4596595703437,-188.14851703465382
152,152.0,593.2740873222452,-274.53189508026435
153,153.0,626.4596595703437,-174.53189508026438
154,154.0,628.6747994145101,-182.4362646561093
155,155.0,628.6836574701454,-200.08242148837417
156,156.0,630.4744584351781,-216.60326975805228
157,157.0,593.0062009566986,-286.086390751143
158,158.0,593.2740873222452,-272.5282687246267
159,159.0,589.6924853921796,-239.68175745058215
160,160.0,630.4123588346849,-182.91181084301786
161,161.0,593.0062009566986,-230.88182821551905
162,162.0,626.4596595703437,-106.12745313207125
163,163.0,626.4596595703437,-147.24154362423548
164,164.0,628.6747994145101,-182.4362646561093
165,165.0,628.1342623629454,-153.0577579933098
166,166.0,593.0239748661126,-194.4632065861136
167,167.0,589.6924853921796,-183.25329431742657
168,168.0,589.6747692809091,-206.81558661115176
169,169.0,593.0062009566986,-206.7376535438818
170,170.0,593.0062009566986,-182.9998355502308
171,171.0,628.6836574701454,-141.37097048027303
172,172.0,589.6747692809091,-276.8801048380937
173,173.0,593.0062009566986,-206.7376535438818
174,174.0,629.8922688696649,-96.43861221508398
175,175.0,593.0062009566986,-173.78899510632186
176,176.0,593.0062009566986,-137.70060133270655
177,177.0,630.3494022071118,-129.5410280170825
178,178.0,628.2352734522199,-201.8971224486674
179,179.0,628.6747994145101,-195.01635093647303
180,180.0,589.6747692809091,-276.78251220543785
181,181.0,589.6747692809091,-230.28028627222113
182,182.0,593.0239748661126,-206.7179939784959
183,183.0,630.001200411918,-121.23466198544597
184,184.0,630.0887887294255,-230.77417151623746
185,185.0,626.107389070284,-210.93531046069307
186,186.0,589.6747692809091,-251.15031742204894
187,187.0,628.1664664215721,-192.58956585153652
188,188.0,628.0637760902249,-150.44351157328106
189,189.0,630.3494022071118,-148.29077009586098
190,190.0,628.0637760902249,-131.20187549939146
191,191.0,593.0239748661126,-196.23535325737808
192,192.0,628.137891428886,-97.38082928200296
193,193.0,593.0062009566986,-197.3028046001103
194,194.0,630.3405152524049,-130.2961054274781
195,195.0,630.3494022071118,-165.37553072504153
196,196.0,628.0548891355179,-131.3106445876526
197,197.0,626.4721466919195,-127.01735073799625
198,198.0,593.0062009566986,-220.97664158479438
199,199.0,632.1560520391038,-156.08594889817675
200,200.0,628.0548891355179,-158.9906884332658
201,201.0,626.3980313532584,-125.8718747133714
202,202.0,593.0062009566986,-219.83116556016952
203,203.0,628.0548891355179,-107.95523472688117
204,204.0,628.0637760902249,-114.10884693563308
205,205.0,593.0062009566986,-196.3051100046929
206,206.0,589.6924853921796,-184.22369169828912
207,207.0,593.0062009566986,-183.99788558718902
208,208.0,593.0062009566986,-183.99788558718902
209,209.0,589.6924853921796,-183.99788558718902
210,210.0,593.0239748661126,-184.22369169828912
211,211.0,626.3891732976232,-120.00811029422823
212,212.0,589.6924853921796,-243.48530447266344
213,213.0,628.0548891355179,-131.65823501641648
214,214.0,630.3494022071118,-148.28663612857207
215,215.0,629.8353465594068,-121.7264115256559
216,216.0,630.3494022071118,-127.39995596764129
217,217.0,628.129004474179,-132.45612061227746
218,218.0,626.3891732976232,-126.39575134864246
219,219.0,628.0548891355179,-137.65008279257702
220,220.0,628.0548891355179,-113.99594388008305
221,221.0,630.2582157723418,-149.38689160624193
222,222.0,628.0548891355179,-131.73268956320265
223,223.0,593.0062009566986,-196.07930389359282
224,224.0,628.0637760902249,-96.19220694914286
225,225.0,628.0637760902249,-114.33465304673315
226,226.0,630.2695239659054,-149.5851831706486
227,227.0,592.9835845695717,-231.49776616644513
228,228.0,628.0548891355179,-96.13433298697967
229,229.0,593.0062009566986,-196.07930389359282
230,230.0,593.0062009566986,-160.24602392061234
231,231.0,628.129004474179,-97.22477991821768
232,232.0,628.0548891355179,-114.56868189239547
233,233.0,626.3980313532584,-125.8718747133714
234,234.0,593.0062009566986,-219.83116556016952
235,235.0,628.0637760902249,-108.06813778243121
236,236.0,596.6372745300964,-224.21095996140613
237,237.0,628.0548891355179,-124.09805690585611
238,238.0,628.0637760902249,-114.10884693563308
239,239.0,630.2784109206123,-149.69808622619865
240,240.0,628.0548891355179,-131.90346658091588
241,241.0,628.129004474179,-115.1414199047079
242,242.0,589.6924853921796,-220.97664158479438
243,243.0,626.3980313532584,-131.70709639345787
244,244.0,628.129004474179,-138.89328157128463
245,245.0,593.0062009566986,-197.22477991821768
246,246.0,628.0548891355179,-96.07930389359282
247,247.0,628.0548891355179,-113.99594388008305
248,248.0,630.3494022071118,-148.28663612857207
249,249.0,630.2784109206123,-166.7869808226681
250,250.0,593.0062009566986,-231.66854318415835
251,251.0,593.0239748661126,-160.54985471360507
252,252.0,628.129004474179,-97.3028046001103
253,253.0,628.0548891355179,-114.56868189239547
254,254.0,630.3494022071118,-148.28663612857207
255,255.0,628.0548891355179,-131.3106445876526
256,256.0,628.0637760902249,-114.10884693563308
257,257.0,589.6924853921796,-220.0569716712696
258,258.0,630.3494022071118,-154.2347608642085
259,259.0,628.129004474179,-132.45612061227746
260,260.0,628.0637760902249,-114.68158494794551
261,261.0,628.0548891355179,-114.22174999118312
262,262.0,628.0548891355179,-113.99594388008305
263,263.0,626.4632886362842,-126.96848936095489
264,264.0,593.0062009566986,-220.87891883071165
265,265.0,628.0548891355179,-107.90637334983981
266,266.0,628.0637760902249,-114.10884693563308
267,267.0,628.129004474179,-115.36722601580797
268,268.0,628.0548891355179,-114.56868189239547
269,269.0,589.6747692809091,-219.7334428060868
270,270.0,628.0558262426869,-119.87274679057643
271,271.0,628.6038081280105,-161.46505448477478
272,272.0,589.6924853921796,-278.84873765212893
273,273.0,628.1732997522765,-130.14506933759816
274,274.0,629.7612312207458,-102.5096519540523
275,275.0,628.129004474179,-93.68200173146474
276,276.0,628.0548891355179,-114.56868189239547
277,277.0,626.516441970017,-124.35870903455306
278,278.0,626.39031897007,-148.89813825171373
279,279.0,630.2695239659054,-173.17320814847483
280,280.0,630.3494022071118,-165.9683527183048
281,281.0,593.0062009566986,-230.48289919763184
282,282.0,628.0637760902249,-96.30511000469289
283,283.0,628.0548891355179,-114.22174999118312
284,284.0,626.3891732976232,-125.82301333633004
285,285.0,593.0062009566986,-219.7334428060868
286,286.0,626.39031897007,-119.81328889430294
287,287.0,593.0239748661126,-220.11894109361916
288,288.0,589.6924853921796,-208.0375227872154
289,289.0,628.137891428886,-121.20244769589445
290,290.0,628.0548891355179,-114.79448800349554
291,291.0,593.0062009566986,-196.07930389359282
292,292.0,593.0062009566986,-160.24602392061234
293,293.0,628.0548891355179,-96.07930389359282
294,294.0,628.0548891355179,-113.99594388008305
295,295.0,593.0239748661126,-196.3051100046929
296,296.0,628.0548891355179,-96.30511000469289
297,297.0,626.3891732976232,-125.82301333633004
298,298.0,589.6747692809091,-243.38758171858072
299,299.0,626.4721466919195,-144.58191912024697
300,300.0,626.3891732976232,-150.14761301521918
301,301.0,626.3891732976232,-149.47715224882398
302,302.0,626.3891732976232,-149.47715224882398
303,303.0,593.0062009566986,-219.7334428060868
304,304.0,589.6747692809091,-207.55430174560024
305,305.0,589.6747692809091,-207.55430174560024
306,306.0,589.6747692809091,-231.20844065809422
307,307.0,593.0062009566986,-207.55430174560024
308,308.0,626.3891732976232,-119.7334428060868
309,309.0,589.6747692809091,-243.38758171858072
310,310.0,589.6747692809091,-231.20844065809422
311,311.0,626.3891732976232,-143.38758171858072
312,312.0,589.6747692809091,-243.38758171858072
313,313.0,626.3980313532584,-143.43644309562208
314,314.0,593.0062009566986,-219.83116556016952
315,315.0,628.6038081280105,-155.14573736259362
316,316.0,626.3891732976232,-167.1588688385567
317,317.0,626.4632886362842,-150.62262827344887
318,318.0,628.0637760902249,-138.26183314583574
319,319.0,628.0637760902249,-114.18687161752572
320,320.0,589.6924853921796,-220.0569716712696
321,321.0,589.6770606258028,-208.0375227872154
322,322.0,626.4632886362842,-144.7416112966793
323,323.0,589.6747692809091,-244.5330577432056
324,324.0,628.0548891355179,-131.56051226233376
325,325.0,593.0062009566986,-196.07930389359282
326,326.0,589.6924853921796,-183.99788558718902
327,327.0,626.3891732976232,-131.65823501641648
328,328.0,628.0548891355179,-137.65008279257702
329,329.0,628.0548891355179,-113.99594388008305
330,330.0,630.2695239659054,-149.35937705954854
331,331.0,593.0062009566986,-231.44273707305828
332,332.0,628.0548891355179,-96.07930389359282
333,333.0,630.2695239659054,-149.35937705954854
334,334.0,589.6747692809091,-255.09687598555226
335,335.0,626.3891732976232,-131.56051226233376
336,336.0,626.3891732976232,-149.47715224882398
337,337.0,626.4632886362842,-150.62262827344887
338,338.0,628.0637760902249,-138.3357238604395
339,339.0,628.7466429967902,-161.60671478936274
340,340.0,626.3891732976232,-167.2560999197903
341,341.0,628.6747994145101,-183.65494144176293
342,342.0,589.6747692809091,-277.56537091151966
343,343.0,630.8681278545398,-223.14769974023875
344,344.0,626.3891732976232,-189.357211259653
345,345.0,626.3891732976232,-149.47715224882398
346,346.0,626.3891732976232,-149.47715224882398
347,347.0,593.0062009566986,-219.7334428060868
348,348.0,632.6053533464581,-186.1738153277231
349,349.0,589.6527433896473,-298.0663039969738
350,350.0,589.6747692809091,-207.61972095860392
351,351.0,626.3891732976232,-143.42029132508253
352,352.0,593.0062009566986,-219.7334428060868
353,353.0,593.0062009566986,-183.9001628331063
354,354.0,593.0062009566986,-160.24602392061234
355,355.0,628.1664664215721,-168.89641459809627
356,356.0,626.3891732976232,-162.23156868858177
357,357.0,628.6038081280105,-184.84058542828944
358,358.0,589.6747692809091,-278.7510148980462
359,359.0,630.2695239659054,-166.92394544179922
360,360.0,628.0548891355179,-131.6776604698158
361,361.0,593.0062009566986,-196.07930389359282
362,362.0,628.0548891355179,-96.07930389359282
363,363.0,628.1888323182912,-142.30916395612812
364,364.0,596.618915144865,-280.5028723628005
365,365.0,593.0062009566986,-244.66959238982
366,366.0,593.0062009566986,-188.04315223772983
367,367.0,593.0062009566986,-160.24602392061234
368,368.0,593.0062009566986,-160.24602392061234
369,369.0,593.0062009566986,-160.24602392061234
370,370.0,596.618915144865,-188.04315223772983
371,371.0,593.0062009566986,-188.04315223772983
372,372.0,593.0062009566986,-188.04315223772983
373,373.0,593.0062009566986,-160.24602392061234
374,374.0,593.0062009566986,-160.24602392061234
375,375.0,593.0062009566986,-160.24602392061234
376,376.0,593.0062009566986,-160.24602392061234
377,377.0,600.0458187277089,-163.25274500022297
378,378.0,592.9835845695717,-164.34213502928958
379,379.0,596.5961213157483,-193.47493580204335
380,380.0,593.0239748661126,-191.72849083798496
381,381.0,596.4010520603589,-170.11511630935806
382,382.0,596.6097923189672,-170.26519462424622
383,383.0,596.4010520603589,-148.48093400913368
384,384.0,593.0239748661126,-170.26519462424622
385,385.0,593.0062009566986,-142.16420051177326
386,386.0,593.0239748661126,-163.94846112688575
387,387.0,593.0239748661126,-163.94846112688575
388,388.0,593.0239748661126,-164.02685226726902
389,389.0,600.0273987856539,-165.9873764323599
390,390.0,592.9835845695717,-164.0433001704233
391,391.0,596.5961213157483,-190.02297922781221
392,392.0,593.0080751710366,-186.3417064096562
393,393.0,596.618915144865,-214.19188485064856
394,394.0,596.5961213157483,-214.19188485064856
395,395.0,592.9835845695717,-214.11632308973137
396,396.0,593.0062009566986,-186.35900230753887
397,397.0,592.9835845695717,-158.58301283616763
398,398.0,593.0062009566986,-158.5281046470133
399,399.0,593.0062009566986,-158.5281046470133
400,400.0,593.0062009566986,-158.47319645785893
401,401.0,593.0062009566986,-158.47319645785893
402,402.0,592.9835845695717,-158.52810464701327
403,403.0,589.6747692809091,-182.15441645650967
404,404.0,593.0080751710366,-182.2848864065812
405,405.0,592.9835845695717,-182.28488640658122
406,406.0,593.0062009566986,-158.65857459708485
407,407.0,592.9835845695717,-158.58301283616763
408,408.0,589.6527433896473,-182.21965609195885
409,409.0,592.9835845695717,-182.27456428111316
410,410.0,592.9835845695717,-182.27456428111316
411,411.0,592.9835845695717,-158.63792102532196
412,412.0,589.6527433896473,-182.27456428111316
413,413.0,596.618915144865,-209.97697687415132
414,414.0,589.6747692809091,-233.54838049449336
415,415.0,589.6747692809091,-233.48314085904417
416,416.0,589.6527433896473,-229.4173715217972
417,417.0,589.6747692809091,-229.4173715217972
418,418.0,596.618915144865,-233.54838049449336
419,419.0,589.6747692809091,-233.48314085904417
420,420.0,589.6747692809091,-233.48314085904417
421,421.0,589.6747692809091,-229.35213188634805
422,422.0,596.618915144865,-233.48314085904417
423,423.0,596.618915144865,-237.6141498317403
424,424.0,596.618915144865,-241.74515880443644
425,425.0,596.618915144865,-241.74515880443644
426,426.0,596.618915144865,-241.74515880443644
427,427.0,596.618915144865,-241.74515880443644
428,428.0,596.618915144865,-241.74515880443644
429,429.0,596.618915144865,-241.74515880443644
430,430.0,603.727214353411,-246.16532384231505
431,431.0,596.618915144865,-246.16532384231505
432,432.0,589.6747692809091,-242.03431486961892
433,433.0,589.6747692809091,-233.48314085904417
434,434.0,596.618915144865,-233.48314085904417
435,435.0,589.6527433896473,-233.54838049449336
436,436.0,596.618915144865,-237.67938946718948
437,437.0,596.5961213157483,-237.7529663455226
438,438.0,596.618915144865,-241.81873568276953
439,439.0,596.618915144865,-241.81873568276953
440,440.0,589.6747692809091,-237.61414983174032
441,441.0,596.618915144865,-237.6141498317403
442,442.0,596.618915144865,-237.6141498317403
443,443.0,596.618915144865,-241.74515880443644
444,444.0,596.618915144865,-241.74515880443644
445,445.0,589.6747692809091,-237.61414983174032
446,446.0,596.618915144865,-237.6141498317403
447,447.0,600.0273987856539,-212.7677214488158
448,448.0,589.6527433896473,-212.83296108426498
449,449.0,596.618915144865,-212.83296108426498
450,450.0,600.0273987856539,-212.83296108426498
451,451.0,596.618915144865,-216.8987304215119
452,452.0,593.0062009566986,-189.14140963931945
453,453.0,596.618915144865,-213.98783802224395
454,454.0,603.7036164052715,-218.49088033815306
455,455.0,589.6747692809091,-242.11719214764943
456,456.0,596.618915144865,-242.11719214764943
457,457.0,596.618915144865,-237.6141498317403
458,458.0,603.727214353411,-246.16532384231505
459,459.0,589.6747692809091,-242.03431486961892
460,460.0,596.618915144865,-242.03431486961892
461,461.0,592.9835845695717,-209.91173723870213
462,462.0,596.618915144865,-214.04274621139828
463,463.0,596.618915144865,-214.04274621139828
464,464.0,603.727214353411,-246.16532384231505
465,465.0,596.618915144865,-246.16532384231505
466,466.0,596.5961213157483,-246.2389007206481
467,467.0,596.618915144865,-241.81873568276953
468,468.0,596.618915144865,-241.81873568276953
469,469.0,596.618915144865,-241.74515880443644
470,470.0,596.618915144865,-241.74515880443644
471,471.0,603.727214353411,-246.16532384231505
472,472.0,596.618915144865,-246.16532384231505
473,473.0,596.618915144865,-246.16532384231505
474,474.0,596.618915144865,-241.74515880443644
475,475.0,596.618915144865,-241.74515880443644
476,476.0,596.618915144865,-241.74515880443644
477,477.0,596.618915144865,-241.74515880443644
478,478.0,596.618915144865,-241.74515880443644
479,479.0,589.6747692809091,-237.61414983174032
480,480.0,596.618915144865,-237.6141498317403
481,481.0,596.618915144865,-237.6141498317403
482,482.0,596.618915144865,-241.74515880443644
483,483.0,589.6747692809091,-237.61414983174032
484,484.0,596.618915144865,-237.6141498317403
485,485.0,596.618915144865,-237.6141498317403
486,486.0,596.618915144865,-241.74515880443644
487,487.0,596.618915144865,-241.74515880443644
488,488.0,596.618915144865,-241.74515880443644
489,489.0,596.618915144865,-241.74515880443644
490,490.0,596.618915144865,-241.74515880443644
491,491.0,596.6372745300964,-241.8535951568609
492,492.0,593.0239748661126,-214.17411582731566
493,493.0,596.4010520603589,-164.624108752158
494,494.0,596.4188851271543,-115.17446901846348
495,495.0,589.6747692809091,-138.72293937531254
496,496.0,596.618915144865,-188.2729464504702
497,497.0,596.618915144865,-237.6141498317403
498,498.0,596.618915144865,-241.74515880443644
499,499.0,596.618915144865,-241.74515880443644
500,500.0,596.618915144865,-241.74515880443644
501,501.0,596.618915144865,-241.74515880443644
502,502.0,596.618915144865,-241.74515880443644
503,503.0,596.618915144865,-241.74515880443644
504,504.0,596.618915144865,-241.74515880443644
505,505.0,596.618915144865,-241.74515880443644
506,506.0,596.618915144865,-241.74515880443644
507,507.0,596.618915144865,-241.74515880443644
508,508.0,596.618915144865,-241.74515880443644
509,509.0,589.6747692809091,-237.61414983174032
510,510.0,596.6372745300964,-237.72258618416473
511,511.0,596.6372745300964,-237.8310225365892
512,512.0,596.6372745300964,-242.07046786170974
513,513.0,600.0458187277089,-217.2016084692224
514,514.0,596.6372745300964,-217.2016084692224
515,515.0,596.6372745300964,-217.2016084692224
516,516.0,596.6372745300964,-242.07046786170974
517,517.0,596.618915144865,-241.9620315092853
518,518.0,593.0062009566986,-213.94853875277227
519,519.0,596.6372745300964,-213.94853875277227
520,520.0,596.618915144865,-213.94853875277227
521,521.0,596.618915144865,-241.85359515686085
522,522.0,596.618915144865,-241.74515880443644
523,523.0,630.001200411918,-149.74656415053448
524,524.0,630.001200411918,-153.74726682358352
525,525.0,596.618915144865,-249.74656415053448
526,526.0,596.618915144865,-241.74515880443644
527,527.0,596.618915144865,-241.74515880443644
528,528.0,630.001200411918,-149.74656415053448
529,529.0,632.2187159287682,-189.14851583568122
530,530.0,596.618915144865,-285.1478131626322
531,531.0,630.001200411918,-149.74656415053448
532,532.0,632.2187159287682,-189.14851583568122
533,533.0,596.618915144865,-285.1478131626322
534,534.0,632.2187159287682,-185.14781316263222
535,535.0,596.618915144865,-285.1478131626322
536,536.0,632.1468723464881,-183.93349321374876
537,537.0,626.4596595703437,-167.7914436254468
538,538.0,596.618915144865,-244.63177193444258
539,539.0,589.6747692809091,-233.48314085904417
540,540.0,596.618915144865,-237.6141498317403
541,541.0,596.618915144865,-237.6141498317403
542,542.0,596.618915144865,-241.74515880443644
543,543.0,596.618915144865,-241.74515880443644
544,544.0,632.2187159287682,-185.14781316263222
545,545.0,632.3708947177404,-301.6899277109642
546,546.0,632.2187159287682,-254.26953402634715
547,547.0,596.618915144865,-285.1478131626322
548,548.0,596.618915144865,-241.74515880443644
549,549.0,596.5961213157483,-241.81873568276953
550,550.0,596.618915144865,-241.81873568276953
551,551.0,630.001200411918,-149.78335258970105
552,552.0,596.618915144865,-249.74656415053448
553,553.0,596.618915144865,-241.74515880443644
554,554.0,596.618915144865,-241.74515880443644
555,555.0,630.0466504995355,-150.4652236270691
556,556.0,596.618915144865,-250.4652236270691
557,557.0,596.618915144865,-241.74515880443644
558,558.0,596.618915144865,-241.74515880443644
559,559.0,632.2187159287682,-185.14781316263222
560,560.0,632.2278956213838,-206.90335851794234
561,561.0,596.618915144865,-285.25624951505665
562,562.0,596.618915144865,-241.85359515686085
563,563.0,626.3980313532584,-147.77046259274954
564,564.0,632.2187159287682,-185.1353052106884
565,565.0,596.618915144865,-285.1478131626322
566,566.0,596.618915144865,-241.74515880443644
567,567.0,630.001200411918,-149.74656415053448
568,568.0,593.0080751710366,-222.11971331841355
569,569.0,596.618915144865,-214.1183079723155
570,570.0,596.618915144865,-214.1183079723155
571,571.0,626.6409875653841,-220.58611848008633
572,572.0,589.6747692809091,-314.38960502104214
573,573.0,596.5961213157483,-233.55671773737723
574,574.0,589.6747692809091,-233.55671773737723
575,575.0,628.1835351242713,-131.8011373204858
576,576.0,626.52912747994,-123.9793497441973
577,577.0,589.6747692809091,-241.4845462051422
578,578.0,630.001200411918,-143.5500506914903
579,579.0,589.6747692809091,-245.61555517783836
580,580.0,630.001200411918,-145.61555517783836
581,581.0,631.7054422323124,-141.32405263212127
582,582.0,628.7466429967902,-162.23658296640866
583,583.0,628.7466429967902,-200.65262688268592
584,584.0,596.618915144865,-281.01680418993607
585,585.0,628.1253754082384,-132.8186160296944
586,586.0,596.618915144865,-221.0054601249462
587,587.0,596.618915144865,-213.98783802224395
588,588.0,589.6747692809091,-237.61414983174032
589,589.0,589.6527433896473,-233.54838049449336
590,590.0,596.618915144865,-233.54838049449336
591,591.0,600.0273987856539,-212.83296108426498
592,592.0,593.0062009566986,-189.14140963931945
593,593.0,630.4123588346849,-131.08861779788123
594,594.0,628.1253754082384,-128.82812691294788
595,595.0,593.0062009566986,-193.24813934275372
596,596.0,628.114067214675,-93.27559343733088
597,597.0,593.0062009566986,-193.30304753190808
598,598.0,596.618915144865,-186.2854254292058
599,599.0,589.6747692809091,-209.85682904954783
600,600.0,593.0062009566986,-209.85682904954783
601,601.0,596.618915144865,-209.85682904954783
602,602.0,626.52912747994,-133.8023992730902
603,603.0,628.1948433178347,-135.73759745979112
604,604.0,589.6747692809091,-217.85823439564584
605,605.0,592.9835845695717,-182.15441645650967
606,606.0,596.618915144865,-209.91173723870213
607,607.0,628.1948433178347,-122.01669746291917
608,608.0,593.0062009566986,-194.2319225861495
609,609.0,589.6747692809091,-182.0995082673553
610,610.0,596.618915144865,-209.85682904954783
611,611.0,596.618915144865,-237.6141498317403
612,612.0,589.6747692809091,-237.61414983174032
613,613.0,630.001200411918,-145.61555517783836
614,614.0,596.618915144865,-249.74656415053448
615,615.0,632.2187159287682,-185.14781316263222
616,616.0,596.618915144865,-285.1478131626322
617,617.0,596.618915144865,-241.74515880443644
618,618.0,596.618915144865,-241.74515880443644
619,619.0,596.5961213157483,-241.81873568276953
620,620.0,635.7010219507611,-186.21715261102116
621,621.0,589.6527433896473,-284.2878889143804
622,622.0,592.9835845695717,-214.39714191202992
623,623.0,592.9835845695717,-182.27456428111316
624,624.0,593.0062009566986,-158.58301283616763
625,625.0,593.0062009566986,-158.5281046470133
626,626.0,592.9835845695717,-158.52810464701327
627,627.0,596.5961213157483,-186.35900230753887
628,628.0,596.5961213157483,-214.18989996806445
629,629.0,596.5961213157483,-241.9658894394357
630,630.0,593.0080751710366,-214.26546172898165
631,631.0,596.618915144865,-214.19188485064856
632,632.0,589.6747692809091,-209.98729899961938
633,633.0,596.618915144865,-237.6141498317403
634,634.0,596.5961213157483,-237.6877267100734
635,635.0,596.618915144865,-241.81873568276953
636,636.0,596.618915144865,-241.81873568276953
637,637.0,596.5961213157483,-241.81873568276953
638,638.0,596.618915144865,-241.81873568276953
639,639.0,596.618915144865,-241.81873568276953
640,640.0,596.618915144865,-241.74515880443644
641,641.0,596.618915144865,-241.74515880443644
642,642.0,600.0273987856539,-216.89873042151194
643,643.0,593.0080751710366,-193.11509822315043
644,644.0,593.0080751710366,-169.47928212608744
645,645.0,593.0080751710366,-170.6898944119489
646,646.0,593.0080751710366,-170.83771051324734
647,647.0,596.621315677639,-198.91266720583056
648,648.0,596.4024897562758,-177.11954937693807
649,649.0,593.0080751710366,-177.11954937693807
650,650.0,593.0080751710366,-149.0445926843549
651,651.0,593.0080751710366,-170.83771051324734
652,652.0,593.0080751710366,-170.83771051324734
653,653.0,593.0080751710366,-170.83771051324734
654,654.0,593.0080751710366,-170.83771051324734
655,655.0,593.0080751710366,-170.83771051324734
656,656.0,593.0080751710366,-170.83771051324734
657,657.0,628.2037302725417,-106.75023114368307
658,658.0,593.0080751710366,-206.64955810713886
659,659.0,593.0239748661126,-170.43501836707034
660,660.0,596.621315677639,-198.71132113274203
661,661.0,596.621315677639,-226.78627782532521
662,662.0,596.621315677639,-255.06258059099693
663,663.0,600.0293628000069,-229.9781297552497
664,664.0,631.6242683293276,-124.34228768913415
665,665.0,631.693736238924,-128.72105310359672
666,666.0,631.6242683293276,-128.2263822690884
667,667.0,629.9925137813401,-189.74379803760812
668,668.0,600.0273987856539,-261.0903698542746
669,669.0,600.0273987856539,-154.3656700437273
670,670.0,631.6369563298925,-111.39642440907363
671,671.0,629.8874891975055,-116.42267945833267
672,672.0,633.839408173494,-138.8543809064776
673,673.0,600.0039867988769,-247.0673201527999
674,674.0,600.0039867988769,-179.55415636202284
675,675.0,629.8180212879091,-99.28912885788613
676,676.0,631.635974322716,-102.85871167791612
677,677.0,632.2073190142098,-176.66932630908366
678,678.0,600.0293628000069,-273.4389813081286
679,679.0,631.8173023177565,-198.5766729375629
680,680.0,630.002400678305,-178.29034140123758
681,681.0,633.8511141668826,-188.68444610283774
682,682.0,631.6369563298925,-145.25921095610977
683,683.0,627.7657461108182,-110.12780115271008
684,684.0,596.39149271604,-181.80153448775948
685,685.0,593.0062009566986,-176.77097553457565
686,686.0,600.0273987856539,-151.3890914882891
687,687.0,596.6372745300964,-201.0963866061261
688,688.0,630.3414523595739,-170.448874539177
689,689.0,593.0239748661126,-241.05501018052772
690,690.0,630.4132959418539,-142.27883380322953
691,691.0,593.0239748661126,-242.27883380322953
692,692.0,630.1222401899777,-193.97712787820905
693,693.0,593.0062009566986,-307.8210864166734
694,694.0,626.098502115577,-151.5378389047915
695,695.0,596.4010520603589,-215.7031843254606
696,696.0,628.3155903579858,-157.96276781959202
697,697.0,596.6372745300964,-307.9001188594153
698,698.0,593.0239748661126,-198.2810003294828
699,699.0,593.0062009566986,-198.20196788674093
700,700.0,593.0239748661126,-170.15463985123995
701,701.0,628.1263125154073,-105.52002718020697
702,702.0,628.2037302725417,-124.26215714266472
703,703.0,630.3494022071118,-158.96093397747342
704,704.0,596.6372745300964,-268.90099214294014
705,705.0,628.1948433178347,-134.45602384818034
706,706.0,593.0239748661126,-206.36917959130844
707,707.0,596.6372745300964,-198.2019678867409
708,708.0,593.0239748661126,-198.2810003294828
709,709.0,593.0239748661126,-198.2810003294828
710,710.0,593.0239748661126,-170.2336722939818
711,711.0,628.1263125154073,-105.55954340157788
712,712.0,596.6372745300964,-233.7075444736231
713,713.0,628.1342623629454,-133.60687143707884
714,714.0,593.0062009566986,-205.37983792229178
715,715.0,630.421245789392,-141.99845528739914
716,716.0,628.3155903579858,-215.77469854199387
717,717.0,592.9835845695717,-279.9772182957924
718,718.0,596.6372745300964,-198.4054278013609
719,719.0,593.0239748661126,-198.4054278013609
720,720.0,593.0239748661126,-198.2810003294828
721,721.0,593.0239748661126,-170.2336722939818
722,722.0,593.0239748661126,-170.2336722939818
723,723.0,593.0239748661126,-170.2336722939818
724,724.0,593.0239748661126,-170.2336722939818
725,725.0,593.0239748661126,-170.2336722939818
726,726.0,628.1263125154073,-105.55954340157788
727,727.0,593.0062009566986,-205.58118399538026
728,728.0,593.0239748661126,-170.35598592432848
729,729.0,628.2037302725417,-106.40869581267938
730,730.0,593.0062009566986,-206.36917959130847
731,731.0,627.9140389022759,-151.5773551261624
732,732.0,593.0239748661126,-265.68005158665477
733,733.0,593.0239748661126,-198.2810003294828
734,734.0,593.0239748661126,-170.2336722939818
735,735.0,628.1948433178347,-106.40869581267937
736,736.0,593.0062009566986,-206.29014714856658
737,737.0,593.0062009566986,-169.99657496575622
738,738.0,629.9898034973596,-120.41448419396905
739,739.0,593.0062009566986,-234.53882123937152
740,740.0,631.7064242394889,-122.04992638030222
741,741.0,629.5973950366661,-160.48525936245267
742,742.0,631.805596324368,-218.2125584865208
743,743.0,629.8874891975055,-153.5346157805289
