,t,x,y
0,0.0,614.551314728944,-227.59463981512562
1,1.0,614.551314728944,-227.59463981512562
2,2.0,610.9811373605254,-256.02056136341815
3,3.0,610.9811373605254,-284.4464829117107
4,4.0,614.551314728944,-284.4464829117107
5,5.0,610.9811373605254,-284.4464829117107
6,6.0,610.9811373605254,-284.4464829117107
7,7.0,610.9811373605254,-312.8724044600032
8,8.0,610.9811373605254,-312.8724044600032
9,9.0,611.0082169147262,-313.01006800552767
10,10.0,611.0082169147262,-313.1477315510522
11,11.0,611.0082169147262,-313.2853950965766
12,12.0,614.8776942977483,-355.38082835296797
13,13.0,611.0253203797374,-355.1221618370079
14,14.0,614.551314728944,-318.636854428088
15,15.0,611.0055777661173,-265.1383382406165
16,16.0,611.0253203797374,-254.1300155530602
17,17.0,603.7036164052715,-271.4325309296757
18,18.0,607.5226306801374,-301.1690017825869
19,19.0,610.9811373605254,-294.2277477655388
20,20.0,611.0253203797374,-294.5855977043627
21,21.0,607.4439434165648,-286.2182322883286
22,22.0,607.5029530775505,-314.0443912080361
23,23.0,607.5029530775505,-338.75598174202577
24,24.0,607.4791647165667,-334.97465284633904
25,25.0,607.4791647165667,-329.5859186432167
26,26.0,607.5029530775505,-326.0323307778513
27,27.0,603.7297306598675,-285.6479981107963
28,28.0,607.5226306801374,-281.97113843625215
29,29.0,607.5226306801374,-280.19039968258477
30,30.0,607.5226306801374,-314.942360561006
31,31.0,600.3238284248247,-308.85234817483814
32,32.0,600.3238284248247,-303.10869334953077
33,33.0,654.1113263959285,-208.54162059536725
34,34.0,603.7462485854745,-264.85117220870376
35,35.0,600.3048561906662,-239.76481905629126
36,36.0,603.727214353411,-240.13408546587394
37,37.0,603.7462485854745,-241.42156135888487
38,38.0,603.727214353411,-212.65357482847102
39,39.0,603.7462485854745,-213.57178431189925
40,40.0,603.7462485854745,-213.57178431189925
41,41.0,603.7462485854745,-213.84656942992925
42,42.0,600.3238284248247,-243.53329945261672
43,43.0,600.3048561906662,-273.06487180923307
44,44.0,603.7297306598675,-273.2994563870454
45,45.0,603.7462485854745,-243.77366085098433
46,46.0,603.7462485854745,-214.40302298099428
47,47.0,603.7462485854745,-214.3293728898083
48,48.0,603.7462485854745,-214.3293728898083
49,49.0,654.3386400561857,-164.62535977424997
50,50.0,603.7036164052715,-264.5895553825423
51,51.0,600.3238284248247,-244.33890037545254
52,52.0,650.1174277304906,-166.92828693439168
53,53.0,600.3238284248247,-281.9688550689214
54,54.0,600.3238284248247,-304.46536852186387
55,55.0,654.9836317659442,-185.10424816734758
56,56.0,655.1000965454008,-269.0739205785802
57,57.0,600.3078090155437,-378.82460729289124
58,58.0,600.3238284248247,-304.33646615957474
59,59.0,603.7462485854745,-274.5037690066729
60,60.0,655.1115842795789,-248.3628890375403
61,61.0,654.9765384027903,-221.07657000629942
62,62.0,654.9860245198695,-174.33312904624697
63,63.0,600.3048561906662,-284.0945456233914
64,64.0,603.7462485854745,-273.7452256807587
65,65.0,603.7462485854745,-243.87307258383711
66,66.0,654.2918762994216,-163.57333631420744
67,67.0,600.3078090155437,-293.40494024401477
68,68.0,603.7297306598675,-244.27145195639457
69,69.0,600.3238284248247,-273.7235974012697
70,70.0,607.5226306801374,-279.6002090061638
71,71.0,607.5226306801374,-315.1979494040863
72,72.0,600.3048561906662,-312.27380255339506
73,73.0,657.7102961502138,-354.7651660390872
74,74.0,654.9756220613037,-250.38451259158836
75,75.0,657.5179621176953,-205.3443348098482
76,76.0,654.9860245198695,-179.08601814090665
77,77.0,655.1210703966581,-246.36766118504738
78,78.0,655.1210703966581,-292.73598439006855
79,79.0,657.5274482347745,-243.84118123744318
80,80.0,655.1210703966581,-268.28858281375585
81,81.0,655.1210703966581,-292.73598439006855
82,82.0,655.1210703966581,-292.73598439006855
83,83.0,657.4544681205003,-242.1102238463923
84,84.0,655.0485283204181,-265.0646489951009
85,85.0,657.4544681205003,-240.86605424216614
86,86.0,603.727214353411,-275.52394460610236
87,87.0,655.0352909512058,-217.23169863864328
88,88.0,653.365516609999,-291.26949769091175
89,89.0,596.5414285195255,-337.96766544547654
90,90.0,596.6372745300964,-231.42166434633623
91,91.0,655.7301761429974,-116.99658667548299
92,92.0,655.9164399495407,-275.3549114003058
93,93.0,655.7209964503817,-209.89553810991407
94,94.0,709.7657257117453,-116.96423321955035
95,95.0,654.0117277974098,-227.34061352756018
96,96.0,654.0577326529967,-179.9926086504759
97,97.0,709.7732282160115,-141.31503864553383
98,98.0,654.0577326529967,-241.2305907668827
99,99.0,651.6420238504556,-228.3836274857593
100,100.0,651.6053499592933,-250.92991206990948
101,101.0,596.9653075082526,-350.74336492708557
102,102.0,589.6194187557226,-238.26167374859907
103,103.0,651.6033952434022,-192.84756204230797
104,104.0,651.5657809548875,-241.22381290544558
105,105.0,651.6033952434022,-240.83669001026502
106,106.0,654.0095158939841,-193.81950895423824
107,107.0,654.0095158939841,-169.92379553104433
108,108.0,714.7266442378732,-85.51564171424451
109,109.0,653.9295590545748,-184.5669433947581
110,110.0,654.0095158939841,-167.94195101342046
111,111.0,653.9959833536974,-169.72593185105865
112,112.0,586.4048586031417,-247.80910780316253
113,113.0,645.847022107688,-257.48209920293016
114,114.0,586.4225182366808,-354.5532803723153
115,115.0,649.9562701467505,-205.70793608401837
116,116.0,589.9910114541628,-360.1404102892049
117,117.0,590.0092538838693,-313.34840529809617
118,118.0,589.9910114541628,-312.1346254686542
119,119.0,649.9618284102894,-259.15835370269997
120,120.0,590.0092538838693,-359.33893851420544
121,121.0,586.7678624059474,-353.18542631333884
122,122.0,589.9910114541628,-349.6639276208668
123,123.0,647.4316379114225,-219.02624568850993
124,124.0,590.0092538838693,-297.1871495585068
125,125.0,590.0092538838693,-302.4642366683885
126,126.0,590.0092538838693,-302.4642366683885
127,127.0,590.0092538838693,-302.4642366683885
128,128.0,590.0092538838693,-302.4642366683885
129,129.0,590.0092538838693,-302.4642366683885
130,130.0,590.0092538838693,-302.4642366683885
131,131.0,648.1997450925842,-232.70254421548668
132,132.0,607.5060492724082,-317.9937989810292
133,133.0,654.3022658752438,-187.65841200926545
134,134.0,607.5226306801374,-289.0807118359007
135,135.0,655.119115680767,-258.9385106632782
136,136.0,600.3238284248247,-367.6838010240699
137,137.0,600.3048561906662,-292.5366268271484
138,138.0,657.702583898526,-349.4485753638254
139,139.0,655.1115842795789,-344.3198861048519
140,140.0,655.1115842795789,-302.465186567906
141,141.0,657.5274482347745,-253.45612389801667
142,142.0,652.5700819436616,-223.78855021991984
143,143.0,655.1115842795789,-275.463120092683
144,144.0,652.5815696778398,-247.91132746144424
145,145.0,655.1210703966581,-275.35113871761934
146,146.0,655.1115842795789,-302.79094997379434
147,147.0,655.1115842795789,-302.465186567906
148,148.0,657.5274482347745,-253.45612389801667
149,149.0,655.1210703966581,-278.36785949032185
150,150.0,655.1115842795789,-302.79094997379434
151,151.0,657.5274482347745,-253.45612389801667
152,152.0,655.1115842795789,-278.20497778737763
153,153.0,657.5179621176953,-253.29324219507248
154,154.0,655.1115842795789,-277.8792143814892
155,155.0,657.5179621176953,-253.29324219507248
156,156.0,657.5274482347745,-228.87015171159993
157,157.0,657.5179621176953,-229.0330334145441
158,158.0,657.7120700156051,-361.6649057681101
159,159.0,657.5274482347745,-295.3768186702055
160,160.0,655.1210703966581,-278.1080913196764
161,161.0,656.8227633609513,-285.00775736712274
162,162.0,654.2478476270244,-123.53835844754579
163,163.0,656.6972346001944,-95.23775884723563
164,164.0,656.832280476983,-206.50183457282336
165,165.0,655.0352909512058,-265.0554987465095
166,166.0,656.6235208850599,-186.31001456912423
167,167.0,656.7319906069679,-113.43051044291894
168,168.0,656.6877174841627,-113.51800663032122
169,169.0,656.8685873660386,-207.39658991007198
170,170.0,656.8227633609513,-253.22125578234304
171,171.0,656.8227633609513,-252.37409059368957
172,172.0,659.2751460546547,-204.42969405392847
173,173.0,656.8227633609513,-228.35298258265712
174,174.0,659.2291411990677,-203.2736908175683
175,175.0,659.230399352296,-178.86382387341422
176,176.0,656.832280476983,-228.01345916362084
177,177.0,603.7462485854745,-300.77252825953946
178,178.0,603.7036164052715,-197.3962665467582
179,179.0,603.7297306598675,-197.46784936499876
180,180.0,655.1210703966581,-212.92177527741111
181,181.0,600.3238284248247,-354.43540759703575
182,182.0,652.5910557949189,-200.26007141870804
183,183.0,600.3238284248247,-297.48921093182395
184,184.0,596.949765786351,-309.9382515902128
185,185.0,600.3078090155437,-304.3125310064304
186,186.0,593.276904985575,-291.05958609163457
187,187.0,654.0095158939841,-167.1171748015901
188,188.0,593.2923875500951,-259.3558175409169
189,189.0,590.0092538838693,-259.8720549253433
190,190.0,593.2923875500951,-259.19647189613437
191,191.0,647.4316379114225,-185.1870552056078
192,192.0,651.6033952434022,-251.15934400596385
193,193.0,653.4799695451395,-266.9870570299469
194,194.0,593.2923875500951,-347.8770365642442
195,195.0,590.0092538838693,-299.94401141982166
196,196.0,651.6435095660609,-239.63090105190014
197,197.0,651.6435095660609,-247.34671161843977
198,198.0,651.6435095660609,-247.34671161843977
199,199.0,653.4799695451395,-267.72048138028345
200,200.0,593.2923875500951,-347.8770365642442
201,201.0,596.9653075082526,-308.19014693216565
202,202.0,653.4799695451395,-268.25080632608785
203,203.0,651.6435095660609,-288.09425114212706
204,204.0,653.4876339434594,-267.4621389033641
205,205.0,653.4876339434594,-308.0805071885918
206,206.0,653.4876339434594,-308.0805071885918
207,207.0,655.8941926320755,-259.9220814116381
208,208.0,651.0129061983782,-344.00965942942435
209,209.0,653.441809938372,-336.82235183073857
210,210.0,653.439855222481,-306.4366205941541
211,211.0,596.9653075082526,-387.35351597782847
212,212.0,596.9653075082526,-348.9376864558529
213,213.0,589.969384370418,-340.4413232594266
214,214.0,652.5547827451276,-346.9484160516587
215,215.0,647.6108796930083,-383.18653686411096
216,216.0,586.7467862071513,-456.2295230519882
217,217.0,648.3502256473159,-303.07042460167526
218,218.0,644.2106638828698,-360.6846794165426
219,219.0,646.56332822135,-279.44050184302046
220,220.0,644.2419173397534,-312.8090989504316
221,221.0,646.5946403246496,-281.1462567894312
222,222.0,644.2507195591124,-313.2635125907339
223,223.0,646.0376169850783,-370.25649719088347
224,224.0,650.983222763271,-435.3733496961018
225,225.0,648.3903399699745,-363.88817350195905
226,226.0,645.8585399424097,-271.9106914416918
227,227.0,648.3903399699745,-298.026142075522
228,228.0,650.9741297872833,-403.38057277306723
229,229.0,646.6034425440087,-338.5625072851328
230,230.0,644.2507195591124,-313.59385369060266
231,231.0,650.0019427329479,-285.18436432583843
232,232.0,649.2063847081695,-336.965150673627
233,233.0,648.6190840601157,-524.172184616659
234,234.0,645.8585399424097,-376.6957216410358
235,235.0,586.7860483579226,-369.07097772461265
236,236.0,586.7860483579226,-415.4089617082822
237,237.0,655.2512225299913,-557.5163982202613
238,238.0,645.6424357625519,-319.72919127227027
239,239.0,586.4225182366808,-212.4488336558612
240,240.0,590.0092538838693,-215.55476992865678
241,241.0,583.2122535059907,-244.49925098387084
242,242.0,583.1946490672727,-273.293437063849
243,243.0,586.7678624059474,-315.3344885953008
244,244.0,590.0092538838693,-322.41395689271076
245,245.0,650.9741297872833,-357.55149335960897
246,246.0,644.2507195591124,-402.3766547255532
247,247.0,648.3331059503786,-307.5658261654196
248,248.0,586.7678624059474,-421.9735717013486
249,249.0,586.4048586031417,-335.8715987421195
250,250.0,586.4225182366808,-257.161036847474
251,251.0,586.4225182366808,-178.7453481459934
252,252.0,648.0941219742131,-159.49649701313257
253,253.0,649.1223880957928,-295.6407666726055
254,254.0,645.869554195657,-337.2273681424381
255,255.0,647.6400985331985,-319.27476386057685
256,256.0,653.468432674892,-533.7129533838863
257,257.0,650.802687256745,-415.70998910285584
258,258.0,652.6048848971087,-343.6790123698877
259,259.0,650.9932821341354,-401.34042020561276
260,260.0,652.5957636822554,-422.6213935457905
261,261.0,652.5957636822554,-379.71297187638515
262,262.0,650.8115170735146,-361.7051568388488
263,263.0,650.7926278858806,-324.9403470470245
264,264.0,650.802687256745,-325.18375168204113
265,265.0,586.4048586031417,-343.19988692670313
266,266.0,655.2526792836329,-441.4060489104299
267,267.0,648.4474386684963,-582.987496411945
268,268.0,652.5957636822554,-409.3020433736488
269,269.0,649.2063847081695,-376.2598564749427
270,270.0,648.6201107531297,-525.216173531377
271,271.0,644.2419173397534,-467.91331656245035
272,272.0,646.0376169850783,-369.5896830726226
273,273.0,645.9884683328481,-417.2705122638414
274,274.0,648.3411326713284,-352.8224228474371
275,275.0,645.9884683328481,-384.4182330065836
276,276.0,648.3411326713284,-352.8224228474371
277,277.0,646.56332822135,-296.57346797364426
278,278.0,646.7904302857787,-452.5005590482266
279,279.0,644.2018616635107,-413.000341626964
280,280.0,646.554526001991,-278.63754624064404
281,281.0,644.2018616635107,-310.23335639979047
282,282.0,644.2018616635107,-341.8291665589369
283,283.0,645.9884683328481,-366.55745876120125
284,284.0,644.20357728471,-390.71754883159815
285,285.0,648.3411326713284,-303.0817373769746
286,286.0,645.9975613088357,-384.56566960316604
287,287.0,644.2123795040691,-391.0875695123811
288,288.0,648.5697744598285,-507.4230793425975
289,289.0,646.0449250379946,-487.9890745872585
290,290.0,586.7678624059474,-483.66457093559137
291,291.0,650.9396717234936,-401.30373335230945
292,292.0,646.5690447783559,-339.9314902094794
293,293.0,646.5690447783559,-250.5746362827349
294,294.0,649.1572941902291,-331.3348780075095
295,295.0,646.5729068563344,-291.2083255898707
296,296.0,648.3507113063126,-275.7772155116445
297,297.0,646.5729068563344,-300.430360226291
298,298.0,648.3559422043218,-275.55836243205147
299,299.0,646.5729068563344,-300.54208858136815
300,300.0,650.9396717234936,-355.51205483037256
301,301.0,583.2122535059907,-452.030053451067
302,302.0,586.6857634781605,-368.1427774260416
303,303.0,649.933141565698,-286.0547002224255
304,304.0,650.7310145096874,-338.7725879729288
305,305.0,589.9177223253919,-398.1479021183395
306,306.0,652.543887664883,-319.228668265124
307,307.0,654.1659491663945,-388.90814549712366
308,308.0,651.5747083988108,-277.1414975041281
309,309.0,646.6044069922928,-144.07803047223382
310,310.0,649.1117095384959,-138.07687257936112
311,311.0,646.6044069922928,-117.96059577195223
312,312.0,655.8503795313021,-168.7627937000289
313,313.0,654.0139195522233,-216.68900867227384
314,314.0,651.6091118004081,-224.34072150322513
315,315.0,654.0139195522233,-200.14109532590587
316,316.0,651.6091118004081,-224.34072150322513
317,317.0,654.0139195522233,-200.14109532590587
318,318.0,654.0047694382984,-175.87876449435794
319,319.0,652.2062560900772,-160.8578902566132
320,320.0,649.8358461039147,-178.47413525854319
321,321.0,649.8435584871031,-202.07434296310944
322,322.0,651.6357682838008,-217.05097091566657
323,323.0,596.949765786351,-349.3948802038056
324,324.0,655.8503795313021,-224.45533449545863
325,325.0,655.8426086703513,-241.69800491453051
326,326.0,655.8503795313021,-241.85707804166933
327,327.0,653.4455717794868,-290.0648846986666
328,328.0,655.8503795313021,-265.8019082430291
329,329.0,655.8503795313021,-241.53893178739168
330,330.0,653.4455717794868,-290.0648846986666
331,331.0,655.8861504938585,-265.0071547488391
332,332.0,655.8426086703513,-241.30062816743552
333,333.0,653.4799695451395,-289.4835717165945
334,334.0,655.8861504938585,-264.79755161518756
335,335.0,655.8861504938585,-240.63495332753462
336,336.0,653.4799695451395,-288.9601499028405
337,337.0,655.8861504938585,-264.79755161518756
338,338.0,596.9653075082526,-345.13144172554206
339,339.0,596.9653075082526,-354.1244185215569
340,340.0,655.8861504938585,-245.13144172554206
341,341.0,596.9653075082526,-345.13144172554206
342,342.0,655.8861504938585,-245.13144172554206
343,343.0,653.4799695451395,-288.9601499028405
344,344.0,655.8861504938585,-264.89360220899687
345,345.0,652.5645965985275,-371.3199928486079
346,346.0,651.6091118004081,-333.29888517332495
347,347.0,654.2363923593573,-342.89899038218437
348,348.0,651.6091118004081,-302.5263239666889
349,349.0,653.2815552904087,-250.25815213773097
350,350.0,593.251888065674,-302.3800613373673
351,351.0,651.6033952434022,-222.30391009930992
352,352.0,593.2923875500951,-339.70420373798396
353,353.0,600.2818807223101,-266.37691406493974
354,354.0,654.9784748372608,-160.17215288730586
355,355.0,650.740634216644,-178.98335588956408
356,356.0,655.119115680767,-234.9069335055652
357,357.0,654.9769984248221,-204.15146597290263
358,358.0,654.9769984248221,-159.11045043289312
359,359.0,653.3072240836152,-177.67805012659642
360,360.0,654.9769984248221,-196.24564982029975
361,361.0,652.5930908566238,-198.10812497944045
362,362.0,657.5296399895881,-223.34933526084643
363,363.0,653.3072240836152,-200.16970887738265
364,364.0,652.5930908566238,-235.24332436684705
365,365.0,655.1248322377728,-272.95224290353065
366,366.0,659.2065069664528,-235.27585255531025
367,367.0,657.4952968861279,-195.34148762342932
368,368.0,655.1153461206936,-275.0480375225959
369,369.0,655.1153461206936,-300.01670836170683
370,370.0,603.727214353411,-332.37695925188245
371,371.0,600.3238284248247,-255.8828339051516
372,372.0,600.3048561906662,-255.8828339051516
373,373.0,656.8800118441578,-246.4496064170585
374,374.0,656.7238881706137,-161.25043601626913
375,375.0,659.2313329538813,-159.181906923533
376,376.0,657.7426266796429,-329.28717271811524
377,377.0,659.2671039164377,-276.4565603135919
378,378.0,657.5559248350653,-194.89204118435774
379,379.0,655.1497438863464,-273.49764998743893
380,380.0,657.7526860505072,-383.46048372652774
381,381.0,657.5749224144147,-291.87917824714725
382,382.0,655.1593156467536,-274.33675873709444
383,383.0,657.7621721675864,-383.81272355786007
384,384.0,657.7541624629459,-426.71773685313565
385,385.0,655.1593156467536,-341.87999690663617
386,386.0,655.1688017638329,-299.09062254189286
387,387.0,655.1478093999353,-298.8776220802713
388,388.0,657.5654362973355,-249.49815842037233
389,389.0,655.1248322377728,-274.7950273460358
390,390.0,657.5654362973355,-249.90400107850786
391,391.0,655.1497438863464,-273.891871810488
392,392.0,656.7238881706137,-197.91267030398654
393,393.0,656.2261052281326,-187.04263635918224
394,394.0,661.3515139243784,-386.4620088255459
395,395.0,654.3043009369487,-300.64723291627274
396,396.0,661.341675123085,-352.790870442195
397,397.0,658.758631131082,-373.4314788657738
398,398.0,661.3170558605884,-418.36946825160646
399,399.0,656.8360423180977,-357.3714295656663
400,400.0,659.2778735319362,-228.28057843517325
401,401.0,656.7238881706137,-159.17270232359903
402,402.0,656.6976946222262,-137.47879787571296
403,403.0,654.3043009369487,-181.4997151893534
404,404.0,658.7242333654292,-282.2790578975988
405,405.0,657.968304646507,-278.26568009855174
406,406.0,657.7426266796429,-375.9539139204393
407,407.0,658.5612999118152,-292.4385185257885
408,408.0,658.7368981492966,-301.5607527564932
409,409.0,658.7159426615647,-349.61656305317376
410,410.0,658.6799911625385,-348.14018992302806
411,411.0,658.577594965693,-252.38762327469752
412,412.0,656.1512901146847,-244.29249370377784
413,413.0,658.758631131082,-320.44966453305824
414,414.0,656.3960693448923,-418.7145535878887
415,415.0,607.5060492724082,-484.1426475072317
416,416.0,653.8522510535261,-310.9346201382729
417,417.0,656.4059081461858,-424.13663077713693
418,418.0,657.9339655272702,-323.6409292183844
419,419.0,658.7143945641358,-303.72323267124443
420,420.0,611.0055777661173,-396.31092377494025
421,421.0,611.0253203797374,-292.23175589848097
422,422.0,611.0253203797374,-259.96399836021
423,423.0,658.1142864246879,-335.1010186936044
424,424.0,656.1960124784723,-311.29869008914727
425,425.0,657.9339655272702,-263.67951372531866
426,426.0,660.3372305193577,-191.1277932988869
427,427.0,657.9374860214623,-211.36467820214096
428,428.0,611.0253203797374,-307.48951289063933
429,429.0,658.5858856695577,-183.88076095164456
430,430.0,610.9811373605254,-302.4391567333783
431,431.0,657.968304646507,-229.32944931234803
432,432.0,611.0055777661173,-314.90796967838315
433,433.0,657.9339655272702,-219.57705821522816
434,434.0,657.9339655272702,-247.17622061404666
435,435.0,655.5485361771205,-296.45689165831266
436,436.0,610.9811373605254,-374.99366399925594
437,437.0,655.5449341164604,-280.0244716341067
438,438.0,653.1660148682435,-274.92183597604037
439,439.0,607.2154630948543,-297.460660451085
440,440.0,611.0082169147262,-259.2804358722621
441,441.0,653.7195827708875,-258.4111187080725
442,442.0,607.2154630948543,-328.46898931173905
443,443.0,611.0082169147262,-234.51007511300693
444,444.0,653.131712589538,-225.74637147813465
445,445.0,655.58150439372,-317.00394701790486
446,446.0,611.0082169147262,-396.34847413285314
447,447.0,653.6996968909882,-280.65653150263233
448,448.0,651.2376848840102,-243.09139311743425
449,449.0,655.6280823844398,-285.31286392592517
450,450.0,614.8776942977483,-438.16836344769825
451,451.0,653.6986672608845,-327.91057497834345
452,452.0,651.2366552539065,-251.456151533203
453,453.0,651.2366552539065,-224.01608170609558
454,454.0,611.0082169147262,-318.95986949209464
455,455.0,653.1268299181961,-237.1184777468552
456,456.0,650.7603213447164,-234.00413366669576
457,457.0,607.1912176876216,-281.859122701472
458,458.0,651.2575152546912,-209.47727446537058
459,459.0,610.914599304782,-325.4108561062981
460,460.0,651.2575152546912,-225.41085610629813
461,461.0,610.9811373605254,-325.9966513280533
462,462.0,650.8730004264439,-287.9019087666213
463,463.0,653.6873453621822,-340.7218999316078
464,464.0,650.866873520524,-322.7931767466109
465,465.0,611.0055777661173,-407.87991421515335
466,466.0,650.8730004264439,-306.68168606360416
467,467.0,648.9462911950939,-335.9870100658724
468,468.0,650.8730004264439,-319.47922343550727
469,469.0,653.3243370006759,-426.9722654027953
470,470.0,648.4778217854657,-337.6298651220392
471,471.0,653.3047537892785,-405.57726559214234
472,472.0,611.0055777661173,-489.8992883122582
473,473.0,646.5912421901958,-249.7419517155216
474,474.0,646.5949846526302,-240.25633307153
475,475.0,648.4900419882617,-256.5124254195571
476,476.0,614.5785940059246,-341.77637656044107
477,477.0,607.2175223550618,-272.7291125518706
478,478.0,614.5785940059246,-245.39068874936666
479,479.0,607.2345608090399,-242.7366070784873
480,480.0,650.7690635999957,-251.22404415354043
481,481.0,614.5785940059246,-341.1576120702548
482,482.0,650.8730004264439,-272.10278903145615
483,483.0,650.8361281874222,-374.9712807867727
484,484.0,648.4900419882617,-323.314520967155
485,485.0,650.2457677405156,-282.91993868923026
486,486.0,610.773263707629,-293.5795534889852
487,487.0,614.5785940059246,-228.38659968602823
488,488.0,614.5785940059246,-230.47204627891907
489,489.0,610.7716832428555,-231.50042890123882
490,490.0,614.5962428526337,-234.0610203742434
491,491.0,650.262910469675,-218.79131132166972
492,492.0,650.2274776100835,-266.56429646001607
493,493.0,652.6580891106532,-319.61856434996037
494,494.0,652.5947279461986,-346.278885062741
495,495.0,614.551314728944,-386.406009992086
496,496.0,650.2274776100835,-233.00836069225466
497,497.0,614.551314728944,-335.18295113169467
498,498.0,614.551314728944,-271.3971043809889
499,499.0,610.7467640418295,-245.4216406131351
500,500.0,646.0003683861449,-161.33434866358417
501,501.0,614.551314728944,-278.2951482913885
502,502.0,610.7908459680744,-224.25935930217807
503,503.0,648.0125389376096,-273.68789807603514
504,504.0,645.6816079239013,-312.9756656593337
505,505.0,648.0125389376096,-338.17288272971143
506,506.0,645.6917055565339,-311.4141605319304
507,507.0,643.3747480134994,-247.27518425341188
508,508.0,645.7120848527458,-267.21250553739253
509,509.0,648.0430657061268,-336.9625657765592
510,510.0,643.7757905744863,-296.53172928290667
511,511.0,614.551314728944,-325.43067914986966
512,512.0,614.551314728944,-263.13164229785906
513,513.0,645.7120848527458,-255.15803209238976
514,514.0,647.9218297586076,-251.31702729400553
515,515.0,647.9218297586076,-233.58211328850032
516,516.0,645.7246443146487,-269.91192179362633
517,517.0,614.5962428526337,-358.8819795343763
518,518.0,614.5962428526337,-300.73525253091486
519,519.0,614.57643365275,-306.94676087635617
520,520.0,639.3455517965058,-256.78736643518454
521,521.0,639.3455517965058,-260.5794011511732
522,522.0,643.7774096597296,-268.2556343873516
523,523.0,639.3455517965058,-265.56430787719694
524,524.0,639.3455517965058,-262.7994283324067
525,525.0,641.6472833453547,-310.87408465200616
526,526.0,635.2944611269979,-237.45720629727464
527,527.0,635.2630072071839,-169.13618821827242
528,528.0,639.3018229882591,-152.46198908082516
529,529.0,637.1585205191577,-192.50601542456442
530,530.0,635.2944611269979,-194.7358132048307
531,531.0,639.3455517965058,-219.4496289657511
532,532.0,639.3452723793393,-262.1876688315242
533,533.0,639.3779516459647,-263.12371999869333
534,534.0,610.7467640418295,-319.1069974117008
535,535.0,610.7467640418295,-230.32740902555895
536,536.0,641.6148834958958,-266.7657802394806
537,537.0,639.3455517965058,-286.6224585672982
538,538.0,639.3455517965058,-262.72587529777115
539,539.0,639.3455517965058,-262.8729813670422
540,540.0,641.4983715701206,-228.72047170220486
541,541.0,637.0946667498849,-207.52512145510772
542,542.0,639.3452723793393,-243.14380758506067
543,543.0,641.6148834958958,-310.7825028264731
544,544.0,639.3779516459647,-286.90394834784354
545,545.0,639.3779516459647,-263.4967916047717
546,546.0,639.3452723793393,-262.5863352923094
547,547.0,639.3779516459647,-263.04156344854056
548,548.0,639.3452723793393,-262.7506483926149
549,549.0,637.4669303517253,-208.8603183055921
550,550.0,643.3436033817194,-211.37715177870362
551,551.0,639.1846690134266,-158.3923012340736
552,552.0,637.1585205191577,-195.850894848117
553,553.0,639.3452723793393,-247.78410823940186
554,554.0,639.2703230118416,-199.28070764743427
555,555.0,641.1725983553988,-180.5068322144229
556,556.0,639.3018229882591,-195.82438411873216
557,557.0,637.1270665993438,-195.62907022842455
558,558.0,639.3779516459647,-248.32508204656128
559,559.0,637.0968478638441,-230.30109601079153
560,560.0,641.5031645619072,-215.20318405286469
561,561.0,610.7467640418295,-289.6765176465647
562,562.0,637.1585205191577,-185.36713352580347
563,563.0,637.0946667498849,-210.09598283481785
564,564.0,637.4566557572252,-235.11015204832682
565,565.0,610.7467640418295,-297.76385889960255
566,566.0,637.1292477133029,-173.51367713869914
567,567.0,639.3779516459647,-249.19815579499223
568,568.0,637.4603124260323,-212.19004275397918
569,569.0,639.3018229882591,-191.27884043717052
570,570.0,639.2714418727428,-167.51461121470123
571,571.0,643.3436033817194,-188.48380760306867
572,572.0,641.5384481939332,-193.13669055447457
573,573.0,641.4680140238496,-214.36229663712717
574,574.0,637.1270665993438,-209.09066257151395
575,575.0,634.9694023421494,-175.38424579542362
576,576.0,610.7716832428555,-249.93170522133542
577,577.0,639.3577319798524,-218.68347872308755
578,578.0,637.1585205191577,-226.1688188332023
579,579.0,637.1024633127859,-207.63654813058398
580,580.0,637.1424975462028,-208.23673126572032
581,581.0,633.1802318175903,-189.7532379720321
582,582.0,637.6001784688607,-267.47928798145915
583,583.0,635.34929342224,-250.6667232131496
584,584.0,637.1585205191577,-245.35551882421277
585,585.0,635.3807473420538,-220.30229607755882
586,586.0,637.5240498111552,-216.00349550252585
587,587.0,610.7467640418295,-277.6183725359935
588,588.0,635.3170560135345,-206.11553325411901
589,589.0,639.3018229882591,-202.56150011383795
590,590.0,637.6001784688607,-243.08148697618165
591,591.0,635.3807473420538,-264.2421939801248
592,592.0,637.6001784688607,-283.0016100350937
593,593.0,635.3881240078447,-264.38425802592724
594,594.0,607.1912176876216,-332.4202008520231
595,595.0,635.3485099333485,-232.0376743977959
596,596.0,637.4918124024498,-215.28210827725172
597,597.0,637.6001784688607,-267.7810440069293
598,598.0,637.5240498111552,-234.76291155749476
599,599.0,637.6001784688607,-268.2619688237787
600,600.0,637.6001784688607,-301.7610260900626
601,601.0,637.6001784688607,-301.7610260900626
602,602.0,637.1585205191577,-251.65195305632628
603,603.0,607.1912176876216,-307.09765495862354
604,604.0,635.3807473420538,-219.68789588242208
605,605.0,637.4918124024498,-215.76303309410113
606,606.0,637.5674992022355,-266.8702060858144
607,607.0,637.53526179353,-300.1543067999655
608,608.0,635.3807473420538,-263.3058502027179
609,609.0,639.3779516459647,-270.4113691112952
610,610.0,635.3807473420538,-239.0617121325277
611,611.0,635.3807473420538,-245.48277792515591
612,612.0,637.6001784688607,-283.0016100350937
613,613.0,637.4925498347376,-234.089488975503
614,614.0,637.5693414422327,-266.69562566071795
615,615.0,637.5679410601554,-300.9057477456055
616,616.0,637.5674992022355,-300.3692633520983
617,617.0,635.3807473420538,-263.78677501956736
618,618.0,637.5708596064022,-283.62583286108713
619,619.0,635.3807473420538,-264.55430539312147
620,620.0,637.5674992022355,-282.0907721139788
621,621.0,637.5674992022355,-300.39476920839024
622,622.0,635.34929342224,-263.04511572348747
623,623.0,637.4925498347376,-214.95924327249418
624,624.0,637.6079025196397,-268.1194726228901
625,625.0,637.6001784688607,-301.85813363511625
626,626.0,637.5674992022355,-300.8501881689477
627,627.0,637.6001784688607,-301.3056071295051
628,628.0,637.6001784688607,-301.7610260900626
629,629.0,637.5674992022355,-300.8501881689477
630,630.0,633.209459747571,-232.28384703927418
631,631.0,635.3807473420538,-229.73131393500933
632,632.0,639.3452723793393,-269.5005311901803
633,633.0,639.3779516459647,-263.5348843581096
634,634.0,637.5674992022355,-275.6697063213507
635,635.0,635.3807473420538,-263.78677501956736
636,636.0,635.3807473420538,-245.48277792515591
637,637.0,637.6001784688607,-283.0016100350937
638,638.0,635.3485099333485,-264.0017315717001
639,639.0,637.6001784688607,-282.52068521824424
640,640.0,635.3807473420538,-264.2421939801248
641,641.0,635.3485099333485,-245.2423155167312
642,642.0,635.3485099333485,-244.76139069988176
643,643.0,637.5679410601554,-282.2802228098195
644,644.0,635.3485099333485,-263.52080675485064
645,645.0,637.1585205191577,-232.41161218450796
646,646.0,637.1585205191577,-207.7120551537603
647,647.0,637.6001784688607,-257.82112818749664
648,648.0,637.6001784688607,-301.7610260900626
649,649.0,637.4925498347376,-235.96120035887864
650,650.0,607.1912176876216,-302.12543180159884
651,651.0,637.6001784688607,-267.9252575327828
652,652.0,635.3485099333485,-264.0017315717001
653,653.0,641.4980448765289,-235.2146023291521
654,654.0,637.1585205191577,-209.11355022608237
655,655.0,637.1585205191577,-207.7120551537603
656,656.0,643.3436033817194,-199.50113949899296
657,657.0,637.1261206696989,-184.5605668844422
658,658.0,643.3436033817194,-195.49952407663292
659,659.0,639.3162329340473,-219.44817984447684
660,660.0,637.1292477133029,-222.05174628021504
661,661.0,637.1292477133029,-203.6990271868334
662,662.0,639.2714418727428,-174.21840617382944
663,663.0,639.2694231388002,-158.63069950536425
664,664.0,641.5307714195794,-190.95120766669714
665,665.0,639.3455517965058,-241.6032018950477
666,666.0,641.4983715701206,-224.17813859899468
667,667.0,641.5307714195794,-207.3751503773919
668,668.0,641.4980448765289,-207.1660127786617
669,669.0,641.5307714195794,-207.47793993617688
670,670.0,610.7467640418295,-280.4968302694181
671,671.0,639.2703230118416,-146.97614129976333
672,672.0,610.7467640418295,-245.94558907200266
673,673.0,641.5307714195794,-177.6815814672797
674,674.0,639.7651209460919,-216.7682613423136
675,675.0,639.7323944030413,-240.84346977617997
676,676.0,641.5501410805364,-228.5665348655078
677,677.0,637.5431298516407,-183.56688619595948
678,678.0,639.3142825887721,-179.82076446406253
679,679.0,637.5361725147716,-167.34120209557832
680,680.0,641.452777491053,-210.81754685911568
681,681.0,637.5361725147716,-182.8114851114706
682,682.0,639.3018229882591,-179.91079540466376
683,683.0,639.7207608337702,-200.01704431592833
684,684.0,639.720271699425,-240.48265780996644
685,685.0,639.720271699425,-240.56983980034374
686,686.0,639.6880342907197,-240.3308742731174
687,687.0,607.1912176876216,-325.77644807914913
688,688.0,637.5693414422327,-259.54644813283284
689,689.0,637.5484581599547,-291.1785795141276
690,690.0,610.7467640418295,-335.0155938831574
691,691.0,635.2658081177381,-196.95441209878442
692,692.0,635.2335707090327,-233.84791211732394
693,693.0,637.4813615931257,-270.6246802977238
694,694.0,637.4813615931257,-289.485526467456
695,695.0,637.4813615931257,-289.5675052311061
696,696.0,635.3306206569547,-253.73719461546807
697,697.0,639.6686152199011,-238.88375004796626
698,698.0,637.4813615931257,-272.7222835480435
699,699.0,637.5162207512494,-290.61628716817
700,700.0,635.1770530112103,-251.267116651756
701,701.0,607.1912176876216,-320.4258319091842
702,702.0,637.0435812948419,-209.49541594928422
703,703.0,635.1770530112103,-207.5503052080176
704,704.0,635.2983832482494,-234.22407407789538
705,705.0,607.1912176876216,-322.58392149613593
706,706.0,637.4083742670904,-192.38606445137805
707,707.0,614.4844439218923,-295.48567092028503
708,708.0,639.2591347702296,-245.9510856306157
709,709.0,643.3134740739317,-226.28545660412576
710,710.0,610.614575144598,-296.9496148342086
711,711.0,614.551314728944,-268.6443834650886
712,712.0,614.378053583649,-259.33663203620745
713,713.0,614.551314728944,-278.86476491350214
714,714.0,646.0122824360392,-211.06782194037524
715,715.0,607.1267428702109,-317.7342163276008
716,716.0,610.7467640418295,-262.68524361788013
717,717.0,647.8675552889716,-160.0880514762691
718,718.0,647.8675552889716,-203.390374571096
719,719.0,614.4844439218923,-288.65886826936907
720,720.0,645.9075553772043,-166.623472697455
721,721.0,610.914599304782,-274.91347085842057
722,722.0,610.9811373605254,-275.8178334928372
723,723.0,610.9811373605254,-327.5544994071994
724,724.0,610.9811373605254,-318.45785635956105
725,725.0,607.4791647165667,-343.1537409758494
726,726.0,653.7245926005901,-344.05704651463594
727,727.0,653.0594024911243,-318.13105000050706
728,728.0,654.8791701874093,-245.2920881992029
729,729.0,610.9811373605254,-311.5736271063799
730,730.0,652.9850342485958,-221.30703880462758
731,731.0,610.9811373605254,-332.63905491288114
732,732.0,650.6171670625699,-191.9020134142646
733,733.0,655.4363912304134,-196.0610532678735
734,734.0,655.4241710276174,-198.3387191169674
735,735.0,610.9811373605254,-294.8692945766291
736,736.0,655.4755789225694,-278.1899520361734
737,737.0,657.8162087527594,-273.3449509017911
738,738.0,610.9811373605254,-327.3796593529947
739,739.0,655.4363912304134,-185.8304522410693
740,740.0,610.9811373605254,-285.700872169443
741,741.0,657.8162087527594,-227.25007928136836
742,742.0,655.3480047789112,-206.81881127319042
743,743.0,653.009632712842,-150.86978147349595
744,744.0,655.3480047789112,-168.13281830934508
745,745.0,655.3480047789112,-185.3958551451942
746,746.0,653.5970184569319,-202.01176948920457
747,747.0,651.7092443012843,-216.20744257222142
748,748.0,651.8368184449425,-268.3414983634225
749,749.0,651.7092443012843,-223.23831486281796
750,750.0,655.3480047789112,-180.55537262320698
751,751.0,652.9361614308275,-149.64376196625443
752,752.0,657.8284289555554,-210.23614074009043
753,753.0,651.7092443012843,-204.13940986894417
754,754.0,651.7092443012843,-178.13513136221343
755,755.0,651.7092443012843,-178.13513136221343
756,756.0,651.7092443012843,-178.13513136221343
757,757.0,603.7036164052715,-274.85278205302797
758,758.0,649.3795427988405,-212.32523037775604
759,759.0,649.3795427988405,-234.34380384930557
760,760.0,603.7036164052715,-312.32523037775604
761,761.0,651.7092443012843,-174.85278205302797
762,762.0,654.2564518368595,-222.7735782901799
763,763.0,603.7036164052715,-319.49122898099444
764,764.0,649.3795427988405,-212.32523037775604
765,765.0,654.3523948222805,-365.86034020685923
766,766.0,651.8368184449425,-352.83599070456336
767,767.0,656.0652224307801,-285.1203827238144
768,768.0,651.8368184449425,-327.83676570142666
769,769.0,603.7036164052715,-365.05914905423697
770,770.0,651.8368184449425,-265.05914905423697
771,771.0,649.3913417729102,-260.5881541223261
772,772.0,649.3913417729102,-233.97597665364583
773,773.0,603.7036164052715,-310.30999033981715
774,774.0,649.4671199996428,-208.25337468875694
775,775.0,610.914599304782,-308.2491846341416
776,776.0,655.6000731072461,-254.8987155301072
777,777.0,656.0652224307801,-264.3967503414376
778,778.0,656.0953032472066,-268.51284952612434
779,779.0,656.1029245402667,-190.6985168438982
780,780.0,603.7036164052715,-246.0152673319814
781,781.0,656.077116611272,-219.0007139749818
782,782.0,651.7305603913858,-199.88260842593422
783,783.0,653.6866269835589,-160.20403888916485
784,784.0,651.9510200940829,-266.30765232290776
785,785.0,603.639458830903,-323.8747944968081
786,786.0,652.5081489842564,-187.82927049235334
787,787.0,652.487554284909,-237.607167370819
788,788.0,652.5815696778398,-234.44273774355736
789,789.0,652.5081489842564,-231.7520933823047
790,790.0,652.5700819436616,-232.7601588799556
791,791.0,652.5910557949189,-233.84592016703354
792,792.0,651.8309395360276,-175.88658669425268
793,793.0,654.2205862188571,-164.45431701003997
794,794.0,651.7519834542363,-143.02429745179109
795,795.0,654.2288451816605,-163.79334191848898
796,796.0,654.2940069124404,-186.29977301386293
797,797.0,650.095516559767,-160.23595430593986
798,798.0,652.6544911274167,-330.2438487615082
799,799.0,652.5585481419955,-291.7002910091783
800,800.0,652.4795445802686,-230.6768840068323
801,801.0,652.566557846636,-231.49886934727672
802,802.0,652.5455839953788,-232.15892804232192
803,803.0,650.2160431085942,-278.36606433488316
804,804.0,603.7462485854745,-338.57222527245443
805,805.0,650.0860304426878,-144.6983928136439
806,806.0,652.4966612500784,-192.57047053574294
807,807.0,655.0142863161292,-261.01030693286805
808,808.0,648.4598931354822,-295.99570686337233
809,809.0,653.4323540997045,-334.62294894701597
810,810.0,709.7657257117453,-253.77286052768346
811,811.0,596.9031554114732,-416.9146044292723
812,812.0,653.2686137566782,-300.7327087289142
813,813.0,650.8778415496824,-209.5373894409222
814,814.0,650.9117953366328,-249.84278470808118
815,815.0,649.0416872953463,-228.8767923896825
816,816.0,593.2740873222452,-271.84550215207224
817,817.0,653.3212171715046,-239.4583386417388
818,818.0,653.3577457490481,-316.8047672435283
819,819.0,651.5976086770332,-298.4653301440907
820,820.0,649.0753353575542,-204.77949602394185
821,821.0,645.5474213511543,-171.40347324233727
822,822.0,647.3470146943298,-178.4875936588376
823,823.0,649.0618028172673,-198.0133894490786
824,824.0,648.9883821236841,-164.68446136788376
825,825.0,649.0618028172673,-165.52855521443075
826,826.0,649.0753353575542,-166.48616636484545
827,827.0,699.9156304865807,-38.886968783771266
828,828.0,649.0661852436292,-138.7397639042871
829,829.0,654.171257337204,-300.4597070632949
830,830.0,646.7020675060487,-275.74190755837947
831,831.0,647.4195544350648,-286.1941834901961
832,832.0,647.4392260660948,-291.76982747139544
833,833.0,647.2621148975277,-174.3643416360157
834,834.0,650.0004859164145,-199.48597533266218
835,835.0,649.9546619113271,-285.70431287930455
836,836.0,649.9637831261804,-285.162391989364
837,837.0,649.9546619113271,-285.3459773796088
838,838.0,649.9546619113271,-284.978806599119
839,839.0,648.0852921574435,-264.27077994513695
840,840.0,648.0852921574435,-226.04699962063563
841,841.0,645.7284415852821,-289.3346371808849
842,842.0,647.601758478155,-343.0409222930573
843,843.0,649.9637831261804,-319.0073514416815
844,844.0,648.5700666715037,-308.3388727488639
845,845.0,607.4791647165667,-408.16477808635597
846,846.0,650.7617836858856,-308.7991493477175
847,847.0,611.0253203797374,-369.19312671101085
848,848.0,653.1396935646944,-228.30333677450972
849,849.0,651.1450150007247,-232.71734352191984
850,850.0,603.7297306598675,-291.10936340409995
851,851.0,648.7222072261181,-150.59200286166072
852,852.0,649.3795427988405,-193.0027559192524
853,853.0,648.7222072261181,-185.87212254948895
854,854.0,651.1233434400156,-179.756827101101
855,855.0,653.5806190861175,-253.07106148129517
856,856.0,651.1450150007247,-226.6921553310089
857,857.0,607.2345608090399,-266.52236162618595
858,858.0,610.9958124234336,-231.81199646691212
859,859.0,650.629387265366,-185.15981107414785
860,860.0,650.5997849356934,-202.4782491544899
861,861.0,614.57643365275,-277.7154724747535
862,862.0,652.4978134764366,-173.5692545684635
863,863.0,650.7123522399884,-196.16637061796285
864,864.0,610.9811373605254,-330.3208499320326
865,865.0,614.57643365275,-304.96186915743857
866,866.0,645.9790134081675,-206.95989309018887
867,867.0,646.0122824360392,-237.4488388632003
868,868.0,648.3612680330418,-284.1438564259081
869,869.0,648.2616533609494,-306.63879597285325
870,870.0,647.7581034678665,-254.14158762477118
871,871.0,646.0824666047623,-225.30376374085992
872,872.0,641.5406055925184,-257.85501284791553
873,873.0,641.5669271677484,-261.72716456945784
874,874.0,639.553215293105,-246.78442970201968
875,875.0,607.2154630948543,-302.414096870852
876,876.0,641.4111987303745,-195.8346795980434
877,877.0,639.6334255532705,-204.55066359475637
878,878.0,610.6819643429118,-295.23457276639925
879,879.0,637.3950753780697,-153.41790022015164
880,880.0,633.0431598434716,-188.12528227079073
881,881.0,635.1451841268,-108.85772270017918
882,882.0,635.1795219026822,-110.24788838090282
883,883.0,635.131597558644,-206.51406294148336
884,884.0,636.9117411857286,-180.97632346907696
885,885.0,635.15289676378,-217.7408086342216
886,886.0,637.0435812948419,-231.15551014408402
887,887.0,610.7467640418295,-280.89934018852443
888,888.0,636.963257101345,-181.121912607641
889,889.0,636.963257101345,-205.87601034946562
890,890.0,635.1001879800473,-193.40002789372244
891,891.0,635.2658081177381,-193.29444933562223
892,892.0,637.3220880520344,-188.87886332225168
893,893.0,639.2107967949703,-202.62375954495653
894,894.0,637.1083938340587,-197.78157355674813
895,895.0,637.0111814453832,-228.47940365713168
896,896.0,638.8564132569819,-153.91686329889103
897,897.0,638.8564132569819,-204.2446756351228
898,898.0,638.8564132569819,-167.65935529672572
899,899.0,637.0435812948419,-179.28835918026095
900,900.0,641.0719667323694,-227.96616640515924
901,901.0,635.2658081177381,-210.38658941697477
902,902.0,637.0435812948419,-202.73770762453404
903,903.0,638.8564132569819,-215.87367951865804
904,904.0,636.9956569508038,-179.94806100968287
905,905.0,635.2335707090327,-215.21008298004935
906,906.0,635.2658081177381,-239.78792574937768
907,907.0,638.8692236460018,-215.96158183593943
908,908.0,610.7467640418295,-254.1251660055565
909,909.0,633.1103411252684,-147.09412737983305
910,910.0,614.3724279661093,-248.02680378600837
911,911.0,637.0435812948419,-166.79028465518837
912,912.0,638.8564132569819,-190.91736306379613
913,913.0,639.2715943707426,-216.22961060546083
914,914.0,641.0719667323694,-246.27546424351436
915,915.0,639.2591347702296,-234.46003826429353
916,916.0,635.131597558644,-207.63637078648514
917,917.0,606.9514766592674,-271.4076903785238
918,918.0,607.0612436677817,-241.177891370104
919,919.0,607.1912176876216,-284.9944982846077
920,920.0,641.4111987303745,-197.2634530476591
921,921.0,639.6334255532705,-197.68510619966793
922,922.0,639.6334255532705,-222.58110717931675
923,923.0,641.8761370602373,-260.3832341926079
924,924.0,641.8918615204789,-278.3430147410303
925,925.0,639.6455482568869,-239.6904474361044
926,926.0,639.7129753322228,-222.3085699523418
927,927.0,607.1581917906942,-308.14245945495867
928,928.0,641.920497172559,-245.39925458749775
929,929.0,639.6455482568869,-240.31588746724844
930,930.0,637.4204969707067,-188.7253000977071
931,931.0,641.920497172559,-243.39481020892651
932,932.0,639.6455482568869,-240.23955944394783
933,933.0,639.6169126048069,-220.60103378744262
934,934.0,641.920497172559,-258.9399250537369
935,935.0,641.8918615204789,-278.50212268694145
936,936.0,639.6169126048069,-239.37772742053238
937,937.0,639.7129753322228,-221.52459370373512
938,938.0,639.6334255532705,-221.64658649466756
939,939.0,641.8918615204789,-259.32937447414895
940,940.0,610.7716832428555,-320.382418230044
941,941.0,641.3313253671056,-168.1519606997727
942,942.0,641.4623522549637,-183.8104706230983
943,943.0,641.4236583308875,-183.8259492870791
944,944.0,641.4236583308875,-183.68835406654563
945,945.0,641.4236583308875,-183.54115531343524
946,946.0,639.1986070447074,-151.20004556152642
947,947.0,639.559501439548,-155.0863050475447
948,948.0,639.559501439548,-146.61728727617208
949,949.0,641.4236583308875,-158.90420017520864
950,950.0,641.7575267480613,-225.25306366544967
951,951.0,607.0241656301473,-324.19413979788766
952,952.0,610.6867023364708,-230.5185066010507
953,953.0,606.9514766592674,-217.26169155003208
954,954.0,648.9527166863238,-182.8970597368192
955,955.0,646.5389368121907,-274.9923954953714
956,956.0,650.7123522399884,-203.43091260553902
957,957.0,650.7356028815138,-216.0133126545458
958,958.0,650.6171670625699,-215.11144045708033
959,959.0,607.2154630948543,-282.5784174592874
960,960.0,651.3911891614333,-328.0444293162202
961,961.0,644.8174069249728,-298.00486101831757
962,962.0,611.0082169147262,-349.08498362507777
963,963.0,648.3625876073463,-250.82224376079157
964,964.0,646.0122824360392,-231.67543564670993
965,965.0,648.3625876073463,-251.16165608142282
966,966.0,611.0082169147262,-353.63804038522466
967,967.0,650.1477761529454,-239.36063917451355
968,968.0,647.8198351820934,-188.878115393427
969,969.0,650.1341365144551,-208.34510439924685
970,970.0,647.8675552889716,-190.11761000969727
971,971.0,614.5785940059246,-258.4300815378123
972,972.0,648.3767882332808,-210.3439281609973
973,973.0,650.174436379393,-256.0066726334292
974,974.0,610.9811373605254,-324.26240831250044
975,975.0,650.1466959763582,-224.60087244937185
976,976.0,647.8110107587388,-188.65099444110638
977,977.0,652.4158953852696,-172.537574980695
978,978.0,652.5384204989792,-260.7766372103541
979,979.0,650.0810405095829,-251.21439931810136
980,980.0,652.488989053082,-192.37132401792323
981,981.0,647.8900193508165,-172.79715736079072
982,982.0,652.4351131510416,-256.83067315736
983,983.0,614.5785940059246,-344.31726260657547
984,984.0,647.8110107587388,-157.41377523546583
985,985.0,614.5785940059246,-257.41377523546583
986,986.0,652.5384204989792,-247.26779367871524
987,987.0,650.1477761529454,-253.80958992053345
988,988.0,650.1341365144551,-228.47071205980117
989,989.0,652.5384204989792,-278.98612335803546
990,990.0,614.5785940059246,-347.26779367871524
991,991.0,652.5384204989792,-247.26779367871524
992,992.0,614.5785940059246,-347.26779367871524
993,993.0,650.1341365144551,-196.47432073463676
994,994.0,650.1477761529454,-228.16184920652165
995,995.0,650.1477761529454,-228.27007882200854
996,996.0,614.5785940059246,-296.5284355423802
997,997.0,647.8811949274619,-158.53831115329928
998,998.0,647.8811949274619,-171.28489223838716
999,999.0,650.2294571127393,-210.46961779452553
1000,1000.0,647.8675552889716,-190.74196799709773
1001,1001.0,614.551314728944,-258.3218519223255
1002,1002.0,647.7973711202485,-157.0365981499765
1003,1003.0,647.8675552889716,-170.47992092898232
1004,1004.0,650.2205022677259,-210.75673334746017
1005,1005.0,614.551314728944,-298.0101522623723
1006,1006.0,650.2068626292356,-197.95603745462887
1007,1007.0,650.1477761529454,-228.95682237426115
1008,1008.0,650.1477761529454,-228.27007882200854
1009,1009.0,650.2205022677259,-229.86002515748754
1010,1010.0,650.1477761529454,-229.06505198974804
1011,1011.0,650.1341365144551,-228.2159640142651
1012,1012.0,654.984989010895,-352.5902992088879
1013,1013.0,647.7973711202485,-251.1548108540183
1014,1014.0,647.7973711202485,-169.19466715663336
1015,1015.0,650.1477761529454,-208.5241601258067
1016,1016.0,647.8110107587388,-188.99470066057864
1017,1017.0,650.2205022677259,-210.2223360767726
1018,1018.0,650.2068626292356,-230.6008835174836
1019,1019.0,652.5247808604889,-279.4566733351626
1020,1020.0,614.5785940059246,-346.9741716955382
1021,1021.0,650.2205022677259,-198.06426707011573
1022,1022.0,652.5384204989792,-279.61901775839294
1023,1023.0,650.2205022677259,-255.13700804181
1024,1024.0,650.1341365144551,-229.0109371820046
1025,1025.0,652.5247808604889,-278.6617001674231
1026,1026.0,652.5247808604889,-303.93868305174556
1027,1027.0,614.551314728944,-346.8659420800513
1028,1028.0,647.8811949274619,-158.3759667300689
1029,1029.0,650.2205022677259,-210.8649629629471
1030,1030.0,650.1477761529454,-229.06505198974804
1031,1031.0,650.1477761529454,-228.27007882200854
1032,1032.0,650.1477761529454,-228.27007882200854
1033,1033.0,650.2205022677259,-229.86002515748754
1034,1034.0,647.7973711202485,-189.7355590205747
1035,1035.0,647.8675552889716,-170.47992092898232
