,t,x,y
0,0.0,370.410819011141,-100.45666991452826
1,1.0,370.37098564078246,-100.13882309475
2,2.0,369.02052785977344,-104.78791401192223
3,3.0,370.410819011141,-104.78791401192223
4,4.0,370.37098564078246,-104.78791401192223
5,5.0,370.410819011141,-100.24477203467609
6,6.0,370.410819011141,-100.24477203467609
7,7.0,369.06026203430974,-105.21481096462706
8,8.0,371.8033160969801,-110.46862949927318
9,9.0,370.410819011141,-110.4686294992732
10,10.0,371.73771973096024,-100.71762380265324
11,11.0,369.02052785977344,-100.00694724525323
12,12.0,370.37098564078246,-99.79504936540104
13,13.0,369.06026203430974,-109.54605506202101
14,14.0,370.410819011141,-105.00291308477489
15,15.0,370.410819011141,-105.21481096462706
16,16.0,369.02052785977344,-104.9998118917744
17,17.0,369.02052785977344,-109.54295386902054
18,18.0,370.37098564078246,-109.33105598916836
19,19.0,369.06026203430974,-109.54605506202101
20,20.0,369.06026203430974,-109.76105413487369
21,21.0,370.410819011141,-109.97295201472586
22,22.0,369.06026203430974,-109.97295201472586
23,23.0,369.06026203430974,-109.97295201472586
24,24.0,371.7776537534058,-105.18970141667437
25,25.0,371.7776537534058,-95.64830976852409
26,26.0,369.06026203430974,-95.64830976852409
27,27.0,370.37098564078246,-100.2196624867234
28,28.0,370.410819011141,-105.00291308477489
29,29.0,370.37098564078246,-100.03287415482392
30,30.0,369.06026203430974,-105.00291308477487
31,31.0,370.410819011141,-105.00291308477489
32,32.0,369.02052785977344,-109.75795294187317
33,33.0,370.410819011141,-104.9998118917744
34,34.0,370.410819011141,-104.9998118917744
35,35.0,370.37098564078246,-100.24477203467609
36,36.0,370.410819011141,-100.24477203467609
37,37.0,370.410819011141,-100.24477203467609
38,38.0,370.37098564078246,-100.24477203467609
39,39.0,371.7776537534058,-95.4615214366246
40,40.0,369.06026203430974,-100.2196624867234
41,41.0,369.02052785977344,-104.9747023438217
42,42.0,369.02052785977344,-114.30109491911931
43,43.0,370.410819011141,-109.54295386902054
44,44.0,369.06026203430974,-109.75795294187317
45,45.0,370.410819011141,-105.21481096462706
46,46.0,369.06026203430974,-109.97295201472586
47,47.0,369.06026203430974,-109.97295201472586
48,48.0,371.73771973096024,-104.98008736820469
49,49.0,370.410819011141,-100.22194631810589
50,50.0,369.02052785977344,-100.00694724525323
51,51.0,369.02052785977344,-109.54295386902054
52,52.0,370.37098564078246,-109.33105598916836
53,53.0,369.02052785977344,-109.33105598916836
54,54.0,370.37098564078246,-104.57601613207005
55,55.0,369.02052785977344,-109.33105598916836
56,56.0,370.410819011141,-104.78791401192223
57,57.0,370.410819011141,-104.9998118917744
58,58.0,369.06026203430974,-105.21481096462706
59,59.0,371.7626998258617,-110.24801479331808
60,60.0,370.4089330706772,-120.14206238978358
61,61.0,369.02052785977344,-119.92706331693091
62,62.0,370.4089330706772,-124.7879070847054
63,63.0,369.0002155528002,-119.44456999354315
64,64.0,369.0002155528002,-119.45213852160028
65,65.0,369.06026203430974,-114.3162319752336
66,66.0,369.0002155528002,-114.3162319752336
67,67.0,369.0002155528002,-114.3162319752336
68,68.0,369.0002155528002,-114.10880143043806
69,69.0,369.0415973041244,-114.32411169132592
70,70.0,370.3918462071124,-109.78176908067114
71,71.0,370.410819011141,-105.06027285749114
72,72.0,370.4494486897086,-110.2407156864467
73,73.0,370.410819011141,-110.06156207392145
74,74.0,371.8033160969801,-115.31408598597686
75,75.0,370.3918462071124,-105.29060090851556
76,76.0,371.7626998258617,-110.15050953248935
77,77.0,371.78424264086453,-109.72942463766952
78,78.0,370.37098564078246,-108.91152383524786
79,79.0,370.3503472709606,-101.88421653207699
80,80.0,371.660379026675,-99.21190974923496
81,81.0,371.50995768166763,-100.95904909192852
82,82.0,374.57690116800046,-112.98237205675782
83,83.0,375.9534438586349,-115.05927710106032
84,84.0,374.59790153983135,-123.0031431322089
85,85.0,375.9534438586349,-116.94578400410232
86,86.0,375.9534438586349,-116.50831188293189
87,87.0,373.0679600831929,-109.49991307739356
88,88.0,375.9669777638546,-118.30818419102455
89,89.0,377.3468312615102,-120.63708926459817
90,90.0,377.28354652017725,-124.11864985994829
91,91.0,377.3468312615102,-115.95851096129404
92,92.0,378.86674319989703,-119.54851356008483
93,93.0,378.81152041790574,-122.98269343628284
94,94.0,378.8883369458197,-127.34234186652327
95,95.0,377.3468312615102,-119.32925279774058
96,96.0,378.86674319989703,-116.31467805348775
97,97.0,377.4224337789821,-107.18707967067358
98,98.0,380.35114815691094,-117.14233476366924
99,99.0,377.3710741086795,-109.6966831094632
100,100.0,378.86674319989703,-113.36549144543203
101,101.0,381.6985049254135,-103.63090216637993
102,102.0,380.34468018258667,-100.64603807834119
103,103.0,380.26701815191933,-92.37928168569461
104,104.0,380.32095679390153,-94.51154956431422
105,105.0,381.87642829344117,-108.47886860840492
106,106.0,381.96820164234686,-122.96598340157543
107,107.0,381.9223438335241,-127.84728119788996
108,108.0,381.9223438335241,-126.27423186181993
109,109.0,380.4293076710671,-117.33732184986873
110,110.0,380.41785835268803,-108.91368664269025
111,111.0,380.37287181851497,-100.97453212885411
112,112.0,380.41785835268803,-99.5815626982501
113,113.0,379.0303755165505,-103.27676192728258
114,114.0,380.5312834685181,-112.89913602698253
115,115.0,379.0656964685138,-116.25256635478826
116,116.0,380.57690713674816,-121.24810996870251
117,117.0,380.46397091145326,-119.09327688229187
118,118.0,381.87642829344117,-117.07514183397069
119,119.0,380.5312834685181,-113.52030721648661
120,120.0,380.5312834685181,-110.50283162811553
121,121.0,379.0416631343901,-106.89037042194366
122,122.0,380.5426610970487,-104.37571227265175
123,123.0,379.16798594107416,-107.68640447304757
124,124.0,379.1567679673739,-117.86934556421541
125,125.0,379.20216195291033,-119.95128647609526
126,126.0,377.8436482250677,-122.925586888451
127,127.0,379.16798594107416,-119.13564302635648
128,128.0,376.3155819058332,-115.88197276446424
129,129.0,377.6593976699531,-100.48343602152302
130,130.0,377.83434834683794,-103.16581856580645
131,131.0,376.3155819058332,-99.29628539292808
132,132.0,374.96569677270946,-106.3163629712002
133,133.0,376.50235276082975,-108.9764345283669
134,134.0,375.00985474360937,-111.75768075647416
135,135.0,375.1650505359102,-123.44298134659823
136,136.0,376.50235276082975,-121.3679722951443
137,137.0,375.0111030907938,-119.70698236534032
138,138.0,375.00075558400613,-103.56211437037302
139,139.0,375.19795057644757,-107.43820576289784
140,140.0,372.36920859739257,-115.36343451905407
141,141.0,372.36920859739257,-123.8257679958463
142,142.0,371.10848100730044,-125.67304851608053
143,143.0,371.10848100730044,-130.87727884454162
144,144.0,372.40177901371254,-130.5058688970535
145,145.0,372.40177901371254,-124.03337609618723
146,146.0,370.88740066240126,-108.86841690639748
147,147.0,369.6238081879007,-104.72353260617025
148,148.0,370.9357388143394,-94.97299586584688
149,149.0,369.6453536716287,-99.71399575447059
150,150.0,369.645754020731,-99.84059000729133
151,151.0,369.645754020731,-105.57283670020821
152,152.0,369.645754020731,-105.50601315310149
153,153.0,369.645754020731,-105.50601315310149
154,154.0,371.08609389817485,-112.99635642929753
155,155.0,369.645754020731,-111.7161766774027
156,156.0,369.6225578353888,-110.24449473855593
157,157.0,369.6453536716287,-101.34370395475999
158,158.0,369.645754020731,-101.24522858922963
159,159.0,369.6225578353888,-100.85156525262853
160,160.0,369.645754020731,-100.39098081515134
161,161.0,368.37009276994416,-104.70840611414091
162,162.0,368.3704610167247,-109.44451176863778
163,163.0,366.92940416860915,-106.83895537781298
164,164.0,368.201028429441,-93.13407798364051
165,165.0,368.26262324960527,-90.60661412218592
166,166.0,368.3704610167247,-95.13490750627939
167,167.0,368.3473093054908,-105.75325812811381
168,168.0,368.3473093054908,-105.26220501974565
169,169.0,365.67173960616765,-102.48123253963145
170,170.0,365.67173960616765,-99.89972169848261
171,171.0,365.67173960616765,-97.31821085733377
172,172.0,364.2518713241374,-90.36140628985122
173,173.0,365.67173960616765,-90.36140628985122
174,174.0,365.67173960616765,-90.36140628985122
175,175.0,364.25148247998663,-90.3290234163088
176,176.0,365.6491029631489,-90.13765252081248
177,177.0,365.67137631988544,-90.10454867129397
178,178.0,365.67137631988544,-97.06063226280042
179,179.0,365.67173960616765,-97.25200315829674
180,180.0,365.6491029631489,-97.09373611231894
181,181.0,365.6491029631489,-96.93546906634113
182,182.0,365.67137631988544,-97.00174353251653
183,183.0,365.67137631988544,-97.25938889418825
184,184.0,365.67173960616765,-97.64949705936965
185,185.0,365.67173960616765,-97.8813284977219
186,186.0,365.67137631988544,-98.17946344480363
187,187.0,368.37009276994416,-100.02389749382922
188,188.0,367.0961938661206,-108.64768604958124
189,189.0,368.3562836709598,-113.53245194690885
190,190.0,369.6481695898928,-113.05129716222332
191,191.0,369.6481695898928,-106.97248126914384
192,192.0,370.9392518897984,-101.9977103622784
193,193.0,373.7222053332827,-103.07182131007492
194,194.0,372.4042723264835,-111.18935430854212
195,195.0,373.7014979240377,-116.74818371532103
196,196.0,375.0178244870429,-117.27083303149995
197,197.0,376.50980238988336,-118.57449587433662
198,198.0,377.8425126797124,-121.85335897618694
199,199.0,377.6831697034092,-116.4706612421795
200,200.0,379.22606253390694,-111.12788292093518
201,201.0,377.705208814704,-102.80567335499404
202,202.0,380.60300361090884,-110.04567874522978
203,203.0,380.5919217671365,-110.6474347129021
204,204.0,380.60300361090884,-119.20587800242204
205,205.0,380.5919217671365,-124.9144328348968
206,206.0,379.07639362241054,-125.64686833076921
207,207.0,379.0416631343901,-124.90788617430502
208,208.0,379.0416631343901,-122.79259536706455
209,209.0,380.4293076710671,-117.68509190783386
210,210.0,379.0416631343901,-118.1454813262568
211,211.0,380.48799875694385,-113.54568684270828
212,212.0,378.9904439660191,-109.22848449115268
213,213.0,379.0009977078709,-104.94410174403912
214,214.0,377.55967459311927,-111.53580922517308
215,215.0,378.9014766866531,-117.74655048298155
216,216.0,378.99956534618815,-119.32388036496206
217,217.0,376.07264847209007,-105.65725247021932
218,218.0,374.62216279625824,-98.95152694989231
219,219.0,373.2558249185253,-98.39847750808741
220,220.0,371.78424264086453,-103.12685865198438
221,221.0,371.78424264086453,-106.45387590068749
222,222.0,371.78424264086453,-102.3072550359422
223,223.0,371.84446999127687,-102.76278561820531
224,224.0,371.8033160969801,-103.87209546613023
225,225.0,371.7626998258617,-106.05191159082254
226,226.0,370.3918462071124,-102.85315277199186
227,227.0,370.37098564078246,-98.69525402120338
228,228.0,370.410819011141,-93.84914757485217
229,229.0,371.8352987805138,-100.2059898571318
230,230.0,368.9723632866963,-106.84269518619885
231,231.0,369.10052425089197,-114.5368894347135
232,232.0,367.6488909071829,-111.75524553190216
233,233.0,367.6488909071829,-108.99909924859935
234,234.0,367.7474876580274,-106.9273510104784
235,235.0,366.31345757994535,-106.14308130931572
236,236.0,364.94587140622116,-109.8912891592625
237,237.0,364.9856055854236,-111.71828993413067
238,238.0,363.6100746409872,-112.97188998806989
239,239.0,363.649073043922,-109.88903565275912
240,240.0,361.04098418342073,-98.2176689078725
241,241.0,359.6826438002815,-96.60418089883945
242,242.0,359.6826438002815,-94.79466972794688
243,243.0,360.99739511130156,-97.7428769183714
244,244.0,359.7201218094753,-98.42487846583164
245,245.0,359.7201218094753,-99.10688001329191
246,246.0,359.7201218094753,-104.24393411270466
247,247.0,359.6826438002815,-105.13355844382043
248,248.0,361.0230884388775,-101.9509575398609
249,249.0,357.16557374768666,-103.18259031445677
250,250.0,358.4624177498434,-100.83762266696753
251,251.0,357.16097407192865,-99.52072821304284
252,252.0,357.08540823368725,-101.59099154549249
253,253.0,355.81602996801286,-111.36762138356305
254,254.0,358.3696431097381,-115.76413644618601
255,255.0,358.3696431097381,-111.53202306943017
256,256.0,357.1236005101409,-107.52213816260227
257,257.0,358.40795420743757,-107.7032494778677
258,258.0,357.1543193622112,-112.1868299215757
259,259.0,357.1543193622112,-112.25602845515328
260,260.0,358.3696431097381,-112.07491713988786
261,261.0,358.4387760827024,-107.84043352192138
262,262.0,357.1543193622112,-107.84043352192138
263,263.0,357.1543193622112,-112.32401396562936
264,264.0,357.148332354205,-116.29266775009442
265,265.0,358.4387760827024,-111.89320964008648
266,266.0,357.1236005101409,-111.57760696957013
267,267.0,358.2446454111223,-105.98602889601283
268,268.0,358.2867821674167,-112.38377410519557
269,269.0,359.6092332695859,-108.85909727176274
270,270.0,360.9115046552468,-106.03972454151659
271,271.0,360.85450238850814,-102.49284099776872
272,272.0,367.45177368363966,-104.63755718002501
273,273.0,367.5499847123186,-110.89389206357397
274,274.0,368.92041341380195,-113.54816842476862
275,275.0,368.9100017050744,-105.75881785431214
276,276.0,371.4872290183134,-102.52621298910924
277,277.0,372.9268822084816,-89.70427037067249
278,278.0,374.4717486427268,-90.08955035906719
279,279.0,375.90036301402137,-91.53958467752294
280,280.0,373.0679600831929,-96.11797411556704
281,281.0,377.3468312615102,-103.3300882196596
282,282.0,377.3710741086795,-101.73663796432454
283,283.0,377.3468312615102,-100.88313209984467
284,284.0,378.93242083605446,-100.37302874768177
285,285.0,378.86674319989703,-102.36408089788141
286,286.0,378.86674319989703,-105.47343991784714
287,287.0,377.504500112366,-106.89025047358065
288,288.0,377.42817420629166,-108.69805493456361
289,289.0,377.55967459311927,-110.35378030569272
290,290.0,379.0752026536282,-114.95379113622755
291,291.0,377.5925278768688,-114.29943514999691
292,292.0,380.4293076710671,-115.17260320659256
293,293.0,379.0446363137086,-114.64339607843658
294,294.0,378.98549895706327,-120.20245116931147
295,295.0,378.90793004174884,-123.4961378173969
296,296.0,378.93443685566893,-120.3478694207074
297,297.0,378.98549895706327,-115.01074765620176
298,298.0,377.6593976699531,-116.97713288270616
299,299.0,379.0303755165505,-113.03729032473382
300,300.0,378.90793004174884,-109.1434998277697
301,301.0,377.6593976699531,-104.67333070342465
302,302.0,377.6593976699531,-105.52504172327802
303,303.0,377.61462945860285,-107.49253492277671
304,304.0,376.3397525550276,-109.9407565797881
305,305.0,376.30460765446924,-111.56515535430442
306,306.0,376.30460765446924,-113.07815894343652
307,307.0,376.3489844583912,-108.66489036162825
308,308.0,376.3502148886391,-106.62961177475376
309,309.0,376.30460765446924,-104.55325765371089
310,310.0,375.00985474360937,-108.11955174466597
311,311.0,374.9765191676497,-110.89645212902904
312,312.0,373.49417647622766,-107.04613955235432
313,313.0,373.49417647622766,-97.67756459663592
314,314.0,372.17422815543523,-92.6634477168951
315,315.0,374.96569677270946,-95.73994708032934
316,316.0,373.6423645001998,-103.55300699964853
317,317.0,372.36920859739257,-112.54430766762725
318,318.0,372.37805063957256,-120.56319854384407
319,319.0,369.645754020731,-122.43401885431449
320,320.0,369.645754020731,-118.8027489082637
321,321.0,369.645754020731,-115.74745116826024
322,322.0,369.6139034893731,-113.45999895411296
323,323.0,369.6225578353888,-110.60853080161911
324,324.0,369.6238081879007,-107.62610169770272
325,325.0,369.645754020731,-105.9745392906351
326,326.0,368.3473093054908,-109.75488679346812
327,327.0,368.3387760012353,-113.03011094993894
328,328.0,366.92940416860915,-108.45504724850667
329,329.0,366.9410058818805,-99.89893175548991
330,330.0,365.67137631988544,-97.86463708333967
331,331.0,365.67173960616765,-103.48733474617842
332,332.0,365.67173960616765,-109.0109931532906
333,333.0,366.9079451518696,-103.00745706466192
334,334.0,365.67137631988544,-101.3846777172439
335,335.0,367.1092523724645,-107.56173831608716
336,336.0,365.5063636445357,-99.5819837081952
337,337.0,365.50594316550087,-87.25658934333767
338,338.0,366.92940416860915,-73.70568977072523
339,339.0,364.4278659077335,-91.05230717011962
340,340.0,364.2308847693425,-95.30457410421737
341,341.0,364.25148247998663,-93.15987762285147
342,342.0,365.65033778218077,-87.01920240357784
343,343.0,365.67137631988544,-94.19792499309244
344,344.0,365.67137631988544,-101.19927625956431
345,345.0,365.67137631988544,-101.39278856792248
346,346.0,366.9410058818805,-95.75847269180052
347,347.0,365.67137631988544,-95.75847269180052
348,348.0,364.25148247998663,-88.75712142532866
349,349.0,365.50594316550087,-82.20495551634448
350,350.0,365.5176814835281,-70.13972315838276
351,351.0,365.67137631988544,-77.24045274054855
352,352.0,364.4278659077335,-95.47588494183883
353,353.0,365.50594316550087,-95.35463551469438
354,354.0,365.67137631988544,-95.35463551469438
355,355.0,365.5176814835281,-77.24045274054855
356,356.0,364.25148247998663,-82.52172816952206
357,357.0,365.67137631988544,-82.62110648521598
358,358.0,367.1017786908554,-102.97606813000199
359,359.0,372.4042723264835,-117.98699108412636
360,360.0,375.0357219665316,-125.97011397196576
361,361.0,376.34731616360597,-121.69216856058681
362,362.0,377.7273641607823,-114.87234957106726
363,363.0,377.7273641607823,-108.72215208720927
364,364.0,377.705208814704,-107.31044241938388
365,365.0,377.7273641607823,-109.17490348662643
366,366.0,377.7273641607823,-111.41225676731756
367,367.0,377.7273641607823,-114.01344840937914
368,368.0,379.098578546654,-111.94486115465156
369,369.0,377.718656811295,-116.43324096570416
370,370.0,379.098578546654,-116.2766425974159
371,371.0,379.098578546654,-121.16114239280023
372,372.0,379.0752026536282,-119.9726958738006
373,373.0,379.0752026536282,-122.4969970005205
374,374.0,377.6064673978147,-119.17613684765773
375,375.0,378.99956534618815,-111.0429937918111
376,376.0,378.9778216982398,-103.82593404625884
377,377.0,378.97048341792055,-102.62332379192117
378,378.0,379.07639362241054,-117.27111578311344
379,379.0,377.50916562493495,-114.63450681517696
380,380.0,377.51023561375774,-111.59020060650397
381,381.0,377.51023561375774,-96.9679200170912
382,382.0,377.50916562493495,-99.35916309898842
383,383.0,376.1191225584039,-107.68657838772071
384,384.0,375.9747835010437,-104.61754186075484
385,385.0,374.5466837719229,-105.77891695351754
386,386.0,375.92344147528974,-95.25854365443782
387,387.0,374.70457265137037,-101.7898340778858
388,388.0,374.6827144677791,-104.1094936721588
389,389.0,374.59790153983135,-111.55910889322656
390,390.0,373.17155600359575,-106.59120571040232
391,391.0,373.1842001248413,-100.98529366823186
392,392.0,374.57690116800046,-100.9963755381554
393,393.0,374.59790153983135,-106.69583968166985
394,394.0,373.15067807239865,-106.7666992777991
395,395.0,373.17155600359575,-101.05615326436111
396,396.0,376.0171374021563,-96.03907794243834
397,397.0,376.0171374021563,-96.62462921421775
398,398.0,377.4656404299415,-103.06607503972874
399,399.0,376.0171374021563,-103.06607503972873
400,400.0,375.9747835010437,-102.83270851923578
401,401.0,376.0171374021563,-97.07365151531644
402,402.0,377.4224337789821,-102.58767497953285
403,403.0,377.4224337789821,-108.33506496424222
404,404.0,377.4224337789821,-113.84908842845861
405,405.0,375.9747835010437,-108.10169844374924
406,406.0,376.0171374021563,-102.58767497953285
407,407.0,375.9747835010437,-96.9277810618549
408,408.0,374.59790153983135,-102.17822290427064
409,409.0,374.6499984449775,-101.51731326775011
410,410.0,373.22391777063723,-106.7054535773289
411,411.0,373.15067807239865,-107.18020304695347
412,412.0,374.58654273922883,-108.75770308599941
413,413.0,373.17155600359575,-109.37100635341623
414,414.0,373.15067807239865,-109.71828498560633
415,415.0,373.15067807239865,-114.6407980068184
416,416.0,373.11168641101045,-104.5377511375578
417,417.0,370.3377248188813,-103.7018981995954
418,418.0,374.54501797385427,-98.64102130531644
419,419.0,373.15067807239865,-108.75395915868539
420,420.0,373.17155600359575,-109.31946039993583
421,421.0,373.17155600359575,-114.10998559750283
422,422.0,373.2129771232432,-114.15550523423917
423,423.0,373.1734977612486,-104.00191945627455
424,424.0,373.1734977612486,-93.84833367830994
425,425.0,373.2129771232432,-93.84833367830994
426,426.0,373.2129771232432,-104.14415147362782
427,427.0,373.2129771232432,-114.43996926894569
428,428.0,373.2129771232432,-114.43996926894569
429,429.0,371.84446999127687,-110.16279263485535
430,430.0,371.8033160969801,-106.53954304324253
431,431.0,373.13277935494006,-97.83372013421591
432,432.0,373.13277935494006,-93.40507385927964
433,433.0,373.13277935494006,-88.32250054186584
434,434.0,371.7626998258617,-93.18543619300169
435,435.0,371.74194255120256,-98.05731343093464
436,436.0,373.13277935494006,-98.05731343093464
437,437.0,373.13277935494006,-93.1943777797988
438,438.0,371.7626998258617,-93.18543619300169
439,439.0,371.7626998258617,-98.04837184413753
440,440.0,371.7626998258617,-102.91130749527338
441,441.0,371.74194255120256,-102.92024908207048
442,442.0,371.74194255120256,-102.75715670124721
443,443.0,371.78424264086453,-102.72788211943703
444,444.0,371.7626998258617,-102.03077868745198
445,445.0,371.74194255120256,-101.42865980078072
446,446.0,371.74194255120256,-100.52068914747603
447,447.0,371.8033160969801,-100.30996644590333
448,448.0,371.69102665739587,-99.36357996083632
449,449.0,373.15067807239865,-104.09819281710561
450,450.0,371.78424264086453,-103.5911928783213
451,451.0,371.8033160969801,-104.40390608412218
452,452.0,371.7626998258617,-99.57429569518588
453,453.0,371.8033160969801,-100.08129563397023
454,454.0,371.8033160969801,-100.08129563397023
455,455.0,371.7626998258617,-100.08129563397021
456,456.0,371.8033160969801,-100.08129563397023
457,457.0,371.7626998258617,-99.94793741294899
458,458.0,371.7626998258617,-99.94793741294899
459,459.0,371.8033160969801,-99.94793741294899
460,460.0,371.8033160969801,-100.08129563397023
461,461.0,371.8033160969801,-100.21465385499145
462,462.0,371.8033160969801,-100.21465385499145
