,t,x,y
0,0.0,464.7969053745769,-73.8815558485356
1,1.0,464.7969053745769,-73.8815558485356
2,2.0,464.77489580766957,-73.6833765661376
3,3.0,464.77489580766957,-73.4851972837396
4,4.0,464.77489580766957,-73.28701800134158
5,5.0,464.77489580766957,-73.28701800134158
6,6.0,464.77489580766957,-73.28701800134158
7,7.0,464.7969053745769,-73.48519728373958
8,8.0,464.77489580766957,-73.4851972837396
9,9.0,464.77489580766957,-73.4851972837396
10,10.0,464.7969053745769,-73.48519728373958
11,11.0,464.77489580766957,-73.4851972837396
12,12.0,464.77489580766957,-73.4851972837396
13,13.0,464.7969053745769,-73.48519728373958
14,14.0,464.7969053745769,-73.6833765661376
15,15.0,464.77489580766957,-73.6833765661376
16,16.0,464.77489580766957,-73.4851972837396
17,17.0,464.77489580766957,-73.28701800134158
18,18.0,466.8944298621731,-63.7361047792387
19,19.0,464.7969053745769,-63.9342840616367
20,20.0,464.77489580766957,-63.9342840616367
21,21.0,464.77489580766957,-73.4851972837396
22,22.0,464.7969053745769,-73.48519728373958
23,23.0,464.77489580766957,-73.4851972837396
24,24.0,464.7969053745769,-73.6833765661376
25,25.0,464.77489580766957,-73.4851972837396
26,26.0,464.7969053745769,-73.6833765661376
27,27.0,464.77489580766957,-73.4851972837396
28,28.0,464.77489580766957,-73.4851972837396
29,29.0,464.77489580766957,-73.28701800134158
30,30.0,464.77489580766957,-73.28701800134158
31,31.0,464.7969053745769,-73.48519728373958
32,32.0,464.77489580766957,-73.4851972837396
33,33.0,464.77489580766957,-73.4851972837396
34,34.0,464.77489580766957,-73.28701800134158
35,35.0,464.7969053745769,-73.48519728373958
36,36.0,464.7969053745769,-73.6833765661376
37,37.0,464.77489580766957,-73.6833765661376
38,38.0,464.77489580766957,-73.4851972837396
39,39.0,464.77489580766957,-73.28701800134158
40,40.0,464.77489580766957,-73.28701800134158
41,41.0,464.77489580766957,-73.28701800134158
42,42.0,464.77489580766957,-73.28701800134158
43,43.0,464.77489580766957,-73.28701800134158
44,44.0,464.7969053745769,-73.48519728373958
45,45.0,464.77489580766957,-73.4851972837396
46,46.0,464.7969053745769,-73.6833765661376
47,47.0,464.77489580766957,-73.4851972837396
48,48.0,464.77489580766957,-73.4851972837396
49,49.0,464.77489580766957,-73.28701800134158
50,50.0,464.7969053745769,-73.48519728373958
51,51.0,464.77489580766957,-73.4851972837396
52,52.0,464.7969053745769,-73.6833765661376
53,53.0,464.77489580766957,-73.4851972837396
54,54.0,464.77489580766957,-73.4851972837396
55,55.0,464.77489580766957,-73.28701800134158
56,56.0,464.77489580766957,-73.28701800134158
57,57.0,464.77489580766957,-73.28701800134158
58,58.0,464.7969053745769,-73.48519728373958
59,59.0,464.77626599644805,-73.60521666349955
60,60.0,464.77489580766957,-73.8219593965995
61,61.0,464.7764987922256,-74.22168524325434
62,62.0,462.6119230819966,-70.91707537628979
63,63.0,464.801535555983,-77.84652292262508
64,64.0,464.801535555983,-84.3948080730075
65,65.0,464.77626599644805,-94.52626034841778
66,66.0,464.77489580766957,-94.42420889473091
67,67.0,462.61048672252855,-84.18877818226173
68,68.0,462.5708583400983,-73.8848224997346
69,69.0,464.73605737652287,-73.58901017255654
70,70.0,462.6365724975224,-73.68278393262666
71,71.0,462.57263696772384,-73.67129000265426
72,72.0,462.61048672252855,-63.83372307104995
73,73.0,462.61332190809725,-64.31404983551846
74,74.0,464.7969053745769,-76.33528167692779
75,75.0,462.6119230819966,-78.69705812945857
76,76.0,462.61048672252855,-80.47340155791163
77,77.0,462.61048672252855,-71.08196106075394
78,78.0,462.61048672252855,-71.07062856121483
79,79.0,462.61048672252855,-71.07062856121483
80,80.0,464.723530917865,-61.7151022795629
81,81.0,462.61048672252855,-61.7151022795629
82,82.0,464.723530917865,-52.35957599791097
83,83.0,464.72507283676674,-52.3700130041446
84,84.0,464.72507283676674,-43.02492372872632
85,85.0,464.723530917865,-43.02492372872632
86,86.0,462.6119230819966,-52.38134550368371
87,87.0,464.72507283676674,-52.38134550368371
88,88.0,462.6119230819966,-61.74820428487474
89,89.0,462.6119230819966,-61.74820428487474
90,90.0,464.72507283676674,-61.74820428487474
91,91.0,464.72507283676674,-52.391782509917356
92,92.0,464.72507283676674,-43.03536073495996
93,93.0,464.72507283676674,-43.03536073495996
94,94.0,464.72507283676674,-43.03536073495996
95,95.0,464.72507283676674,-43.03536073495996
96,96.0,464.72507283676674,-43.03536073495996
97,97.0,464.72507283676674,-43.03536073495996
98,98.0,464.72507283676674,-43.03536073495996
99,99.0,464.72507283676674,-43.03536073495996
100,100.0,462.6119230819966,-52.391782509917356
101,101.0,464.72507283676674,-52.391782509917356
102,102.0,464.72507283676674,-52.391782509917356
103,103.0,464.72507283676674,-43.03536073495996
104,104.0,464.72578495314616,-44.13179101046425
105,105.0,464.723530917865,-47.75046560147104
106,106.0,464.72507283676674,-52.12653778957564
107,107.0,464.72507283676674,-55.40617970217594
108,108.0,462.58702497723,-46.605229230250195
109,109.0,464.7497884229822,-46.68573180822881
110,110.0,464.6854992610735,-27.414505732743336
111,111.0,460.48027579246417,-36.637403307750674
112,112.0,462.58541688763853,-32.01616837581237
113,113.0,462.5468495467683,-46.65958836728985
114,114.0,462.5291650310972,-42.461733594299794
115,115.0,464.723530917865,-52.75612151091656
116,116.0,462.56773356405665,-55.52637152546965
117,117.0,458.3414241836133,-58.152657014998915
118,118.0,460.44020863879524,-59.832576443078075
119,119.0,460.44020863879524,-69.1237075032692
120,120.0,458.32421176441704,-72.47378162551617
121,121.0,458.32421176441704,-66.48326097954988
122,122.0,456.27373659089136,-54.500522852212804
123,123.0,456.27373659089136,-48.6131276504972
124,124.0,456.2566703425992,-42.817268660968146
125,125.0,458.4039990134608,-52.51538277788743
126,126.0,456.3119080864254,-54.12849324242442
127,127.0,454.2107031681647,-65.59974552814542
128,128.0,454.2487720792131,-67.82028416123653
129,129.0,456.27373659089136,-68.93255296773451
130,130.0,456.3239274198322,-60.60920266720208
131,131.0,450.22525900401587,-47.275639624795296
132,132.0,452.26510496271084,-34.73654775679927
133,133.0,450.20050384895484,-30.957010519758985
134,134.0,450.1612383820805,-31.803080256274665
135,135.0,450.1612383820805,-40.943130017699815
136,136.0,450.23119382838354,-42.56317192583712
137,137.0,448.2103536832458,-55.43255549061598
138,138.0,448.22206903764965,-69.5360612474416
139,139.0,446.17381454965795,-74.35468611708693
140,140.0,446.2120660962067,-68.39070470781976
141,141.0,444.2265928982647,-70.27852841281619
142,142.0,444.1884727795321,-79.9782079391814
143,143.0,446.1886170042999,-98.80737103491582
144,144.0,444.2509490249499,-84.20639931894162
145,145.0,442.37326775040634,-62.91816330313691
146,146.0,440.349643708825,-41.62449301843691
147,147.0,440.41903477298956,-45.88112011627053
148,148.0,440.26713835369213,-57.97518529521732
149,149.0,438.44042507970215,-68.44145431905358
150,150.0,438.40409876160993,-77.58596587906489
151,151.0,438.40409876160993,-86.10920803121353
152,152.0,438.4139336365599,-86.97016957829915
153,153.0,438.4139336365599,-87.94679871207434
154,154.0,438.44042507970215,-87.96123602670166
155,155.0,438.44042507970215,-87.80852921917028
156,156.0,438.44042507970215,-87.65582241163891
157,157.0,438.44042507970215,-87.65582241163891
158,158.0,438.44042507970215,-87.65582241163891
159,159.0,438.44042507970215,-87.65582241163891
160,160.0,438.40409876160993,-87.43901384410749
161,161.0,438.40409876160993,-87.22220527657605
162,162.0,438.40409876160993,-87.00539670904463
163,163.0,438.44042507970215,-86.7163090340373
164,164.0,438.44042507970215,-86.42722135902996
165,165.0,438.44042507970215,-86.13813368402265
166,166.0,438.44042507970215,-86.13813368402265
167,167.0,440.3860947806774,-78.14637772175327
168,168.0,438.44042507970215,-78.14637772175327
169,169.0,438.44042507970215,-78.14637772175327
170,170.0,438.44042507970215,-86.13813368402265
171,171.0,438.44042507970215,-86.13813368402265
172,172.0,440.26713835369213,-76.36502192600214
173,173.0,442.32371637972506,-57.77027619137551
174,174.0,440.349643708825,-47.51138901373073
175,175.0,442.25536234064504,-54.9900812997655
176,176.0,442.25536234064504,-71.29040756240637
177,177.0,442.17152358345464,-78.40427578876452
178,178.0,442.1243592515025,-76.76065361375557
179,179.0,446.08776407493065,-72.23156030729875
180,180.0,444.20440208674796,-58.805789290890665
181,181.0,446.17381454965795,-52.9704584645775
182,182.0,446.17381454965795,-49.91759205641524
183,183.0,446.17381454965795,-56.612002837505145
184,184.0,446.17381454965795,-56.5089961242082
185,185.0,446.17381454965795,-56.405989410911246
186,186.0,452.0001908193878,-61.29389600875627
187,187.0,450.20050384895484,-57.02579635484428
188,188.0,450.1612383820805,-52.62326102594195
189,189.0,450.21401607604986,-43.37753748280082
190,190.0,452.02302782781607,-47.3584124608876
191,191.0,456.2001785853992,-49.37202664149604
192,192.0,456.27373659089136,-51.05716415532845
193,193.0,456.2001785853992,-46.54651720088864
194,194.0,458.2663753448057,-52.442269156193866
195,195.0,458.3414241836133,-58.2424841882959
196,196.0,458.3664427287267,-66.51888340511049
197,197.0,456.31124565988057,-75.44019604519413
198,198.0,458.38052740346956,-75.69875580632554
199,199.0,456.2001785853992,-66.16456907932503
200,200.0,458.37896224970353,-57.74019882138308
201,201.0,456.3119080864254,-48.68243407632207
202,202.0,454.16196102776735,-57.625685918765726
203,203.0,458.24287758025116,-54.325934037923474
204,204.0,458.32421176441704,-58.908487481288226
205,205.0,460.4242199709923,-43.26023010285394
206,206.0,462.58702497723,-37.75826079953541
207,207.0,460.44020863879524,-42.887657291606615
208,208.0,462.43277940269246,-48.812902227620405
209,209.0,462.46974341986817,-45.53293540894487
210,210.0,462.5291650310972,-32.81456315050972
211,211.0,460.48027579246417,-40.25700165142977
212,212.0,462.46974341986817,-38.34838729590807
213,213.0,462.4562314241826,-54.61250088604052
214,214.0,464.71049155704344,-52.06506171555716
215,215.0,464.66605899934365,-58.33733423592424
216,216.0,464.66605899934365,-45.760207681001724
217,217.0,464.723530917865,-42.238332100838285
218,218.0,464.723530917865,-40.59329947281858
219,219.0,464.723530917865,-40.01536957735515
220,220.0,464.72507283676674,-39.919119091068104
221,221.0,462.6119230819966,-49.17830918728506
222,222.0,464.72507283676674,-49.18879727738743
223,223.0,464.72507283676674,-48.33492953336702
224,224.0,464.68389783325733,-37.42334096733797
225,225.0,464.723530917865,-35.91851280778366
226,226.0,466.8959043916882,-45.17752055184585
227,227.0,464.68389783325733,-44.964082783034456
228,228.0,464.66605899934365,-42.767838897238164
229,229.0,464.76185644684796,-48.115487474389845
230,230.0,464.73416848728624,-61.296142452997195
231,231.0,462.6119230819966,-65.80612810102063
232,232.0,464.77626599644805,-62.67440387160215
233,233.0,464.7969053745769,-61.312047480951094
234,234.0,464.71650138349577,-66.48735044770072
235,235.0,464.77489580766957,-57.80594037866384
236,236.0,464.77489580766957,-49.69688182178212
237,237.0,464.73416848728624,-44.399346704645346
238,238.0,464.77626599644805,-42.13613640458672
239,239.0,464.7969053745769,-39.73130932983265
240,240.0,462.67009816685237,-47.95754982402888
241,241.0,460.6293020945793,-63.317674592085204
242,242.0,460.6512679402665,-77.92033890740824
243,243.0,460.6512679402665,-83.14490848023343
244,244.0,460.6512679402665,-82.24583125280468
245,245.0,458.50404561117176,-68.44072601777738
246,246.0,460.5501742893404,-45.25431352472796
247,247.0,458.4990006198923,-31.239936861106447
248,248.0,460.5501742893404,-21.85862960308434
249,249.0,458.4990006198923,-31.030665432512237
250,250.0,456.482741901802,-37.75601098635871
251,251.0,458.4990006198923,-44.33055931557478
252,252.0,458.4990006198923,-41.733071815362955
253,253.0,458.4990006198923,-32.410238761304655
254,254.0,458.4990006198923,-32.410238761304655
255,255.0,456.482741901802,-38.77559222409124
256,256.0,456.4776760163165,-45.037707598782056
257,257.0,450.4043121227733,-52.155277953471824
258,258.0,452.5038357503951,-63.624477077666334
259,259.0,450.4023311156029,-64.48567480292586
260,260.0,452.5038357503951,-75.20265703521717
261,261.0,452.5059354326623,-75.20072791251448
262,262.0,452.5269052221832,-84.36756406468169
263,263.0,452.5269052221832,-82.82316072981814
264,264.0,452.5038357503951,-81.23527321775886
265,265.0,450.42027421357835,-69.25849215879627
266,266.0,450.42522250265046,-55.404094573453335
267,267.0,448.4952630324767,-49.802237730888606
268,268.0,448.47482791889547,-56.19213824377865
269,269.0,444.53382075876715,-58.809118662990194
270,270.0,444.51192090041565,-53.16955707312513
271,271.0,444.52898683724516,-47.305061825107195
272,272.0,442.5049524436284,-34.92024997170527
273,273.0,442.4859696901329,-22.388966279366077
274,274.0,442.4859696901329,-10.022226648789152
275,275.0,444.51192090041565,-19.58689831025303
276,276.0,442.66313592691796,-38.117460336976926
277,277.0,444.52898683724516,-47.49270533272438
278,278.0,442.6389599796565,-53.25537714092632
279,279.0,442.64366228088903,-49.57083730443679
280,280.0,440.6172914043636,-44.01840263209187
281,281.0,440.6082887513932,-32.20678251178984
282,282.0,438.78243223777963,-29.6060957712525
283,283.0,440.64075050078594,-29.321902846414968
284,284.0,442.66313592691796,-38.928452993638324
285,285.0,438.7966986422237,-38.326969644774415
286,286.0,438.8014213434228,-46.2001226476038
287,287.0,438.8014213434228,-44.29373314727693
288,288.0,438.8014213434228,-44.06165144783819
289,289.0,438.8014213434228,-44.06165144783819
290,290.0,438.8014213434228,-44.06165144783819
291,291.0,438.78243223777963,-44.111897449435
292,292.0,438.8014213434228,-44.111897449435
293,293.0,438.8014213434228,-42.65761920648723
294,294.0,436.9825325566417,-49.070792520779236
295,295.0,436.9872727852242,-55.642391199184004
296,296.0,438.8077521504622,-54.880090813835125
297,297.0,436.7553665579532,-36.81993806841402
298,298.0,442.54689481114065,-33.462904476026154
299,299.0,442.56366429796344,-39.05926837537188
300,300.0,438.7694788448736,-52.621494796460894
301,301.0,442.59510510121237,-52.64343609509811
302,302.0,438.7044789328318,-50.939121841265994
303,303.0,440.54237647787323,-42.088865303637164
304,304.0,440.6082887513932,-31.371240732240874
305,305.0,438.6064646875528,-30.83940892209834
306,306.0,438.65473113707566,-39.14796034055902
307,307.0,438.65473113707566,-48.052866399689755
308,308.0,440.54237647787323,-39.58638329957649
309,309.0,440.7202441521083,-50.08482221489023
310,310.0,438.6064646875528,-49.91654219632627
311,311.0,440.52511022106336,-50.17789945270996
312,312.0,440.44305773636114,-31.40480576424929
313,313.0,438.7694788448736,-32.56231951978801
314,314.0,442.63036340657436,-43.63632351345368
315,315.0,440.6213312790513,-44.744585482102536
316,316.0,442.59510510121237,-48.856377320696346
317,317.0,444.48071672949396,-44.75518314587615
318,318.0,444.4644749531697,-51.08765106018083
319,319.0,444.4644749531697,-46.81577657751968
320,320.0,454.2393935456277,-38.387115568343184
321,321.0,456.6091176737522,-60.9305965816069
322,322.0,456.46077180008774,-61.11536708068079
323,323.0,456.46077180008774,-72.07041437203684
324,324.0,456.46077180008774,-51.37477984094782
325,325.0,458.60690961492384,-62.0857264281644
326,326.0,456.46077180008774,-62.0857264281644
327,327.0,456.46077180008774,-62.0857264281644
328,328.0,456.46077180008774,-52.57993176172685
329,329.0,456.35245520879124,-56.25185751067473
330,330.0,462.6523498577065,-63.09424069774974
331,331.0,462.6908404058891,-68.9018867191992
332,332.0,462.6908404058891,-73.22699391349958
333,333.0,462.5740040749947,-57.65024094890458
334,334.0,466.97703346641987,-63.15438591217568
335,335.0,466.89551786713145,-54.151464492840326
336,336.0,464.77489580766957,-71.27362732265799
337,337.0,464.77489580766957,-67.14447746945608
338,338.0,464.77489580766957,-76.53815899784084
339,339.0,464.7969053745769,-76.73653034995927
340,340.0,464.74498651145285,-60.5147894500331
341,341.0,466.91646189456054,-54.17290826399673
342,342.0,466.91646189456054,-47.63265572584192
343,343.0,462.5933183785444,-57.08263035608877
344,344.0,462.5933183785444,-56.65274527244582
345,345.0,466.89551786713145,-58.23939127411717
346,346.0,466.91646189456054,-61.04221358538414
347,347.0,464.68703833544606,-57.058339650093025
348,348.0,464.74498651145285,-51.14258636711795
349,349.0,466.8944298621731,-54.183206653949306
350,350.0,464.74498651145285,-54.26785839157966
351,351.0,464.723530917865,-53.760810431725815
352,352.0,464.72507283676674,-43.521534682346505
353,353.0,462.61048672252855,-52.26317464264499
354,354.0,464.74498651145285,-51.80951545070508
355,355.0,462.61153573376504,-59.60009821241281
356,356.0,462.61153573376504,-57.93870975751594
357,357.0,460.5044979270449,-56.15176741756255
358,358.0,462.61332190809725,-54.22016018611108
359,359.0,462.5740040749947,-52.55163837561253
360,360.0,464.70586965346723,-50.70429043742525
361,361.0,464.72578495314616,-45.62150075211434
362,362.0,462.61153573376504,-49.74780604350146
363,363.0,462.6369223123864,-63.80004166495949
364,364.0,460.49965229429534,-63.321397995409484
365,365.0,464.74498651145285,-53.89010824820753
366,366.0,462.61153573376504,-54.07776519431703
367,367.0,462.63192025693223,-64.06269510118041
368,368.0,462.61048672252855,-74.08648852188577
369,369.0,462.58541688763853,-56.03797535512056
370,370.0,462.61048672252855,-56.48949124777521
371,371.0,466.8944298621731,-57.287943332365636
372,372.0,464.723530917865,-66.78559204748524
373,373.0,464.72507283676674,-57.75933956061268
374,374.0,464.72507283676674,-48.04147335064931
375,375.0,464.72507283676674,-48.158567199082405
376,376.0,464.72507283676674,-48.158567199082405
377,377.0,464.723530917865,-48.25495050342817
378,378.0,464.723530917865,-48.244595231384494
379,379.0,464.72507283676674,-48.031128295379396
380,380.0,466.91646189456054,-57.95581785464116
381,381.0,466.8944298621731,-67.8997349636709
382,382.0,466.8959043916882,-78.05690175774373
383,383.0,464.72507283676674,-68.03582889413622
384,384.0,466.8959043916882,-68.0459669152179
385,385.0,464.74498651145285,-58.59906634814064
386,386.0,466.91646189456054,-70.34591174092927
387,387.0,464.7497884229822,-64.00498977412583
388,388.0,462.5468495467683,-57.41272925534474
389,389.0,464.68389783325733,-49.12514427258102
390,390.0,464.72507283676674,-49.04457082540089
391,391.0,462.6119230819966,-68.13029770250255
392,392.0,462.58702497723,-58.5234199409226
393,393.0,462.5468495467683,-48.48154997737125
394,394.0,464.66605899934365,-37.97902120113775
395,395.0,464.723530917865,-46.67800911399531
396,396.0,464.72507283676674,-55.7592778655237
397,397.0,464.723530917865,-55.82291155374867
398,398.0,464.72507283676674,-55.833144224507386
399,399.0,464.723530917865,-55.82291155374867
400,400.0,464.72507283676674,-55.833144224507386
401,401.0,464.72507283676674,-55.833144224507386
402,402.0,464.72507283676674,-55.84337689526611
403,403.0,464.72507283676674,-55.84337689526611
404,404.0,464.72507283676674,-55.84337689526611
405,405.0,464.72507283676674,-55.84337689526611
406,406.0,464.72507283676674,-55.84337689526611
407,407.0,464.72507283676674,-55.84337689526611
408,408.0,464.72507283676674,-55.84337689526611
409,409.0,464.68389783325733,-55.56712634476705
410,410.0,464.72507283676674,-55.56712634476705
411,411.0,464.72507283676674,-55.56712634476705
412,412.0,464.72507283676674,-55.84337689526611
413,413.0,464.72507283676674,-55.84337689526611
414,414.0,464.72507283676674,-55.84337689526611
415,415.0,464.72507283676674,-55.84337689526611
416,416.0,464.72507283676674,-55.84337689526611
417,417.0,464.72507283676674,-55.84337689526611
418,418.0,464.723530917865,-55.833144224507386
419,419.0,464.723530917865,-55.82291155374867
420,420.0,464.72507283676674,-55.82291155374867
421,421.0,464.723530917865,-55.82291155374867
422,422.0,462.58702497723,-46.2754733352857
423,423.0,462.58702497723,-36.71780244606402
424,424.0,464.72507283676674,-36.301101244812536
425,425.0,464.68389783325733,-39.606264056815824
426,426.0,466.8944298621731,-52.76122007806504
427,427.0,464.723530917865,-46.880345272340485
428,428.0,462.61048672252855,-56.17867503638229
429,429.0,462.5708583400983,-54.39799697840525
430,430.0,466.8944298621731,-63.008917026031305
431,431.0,466.8944298621731,-62.26620670909919
432,432.0,464.68389783325733,-50.78208725684785
433,433.0,462.6365724975224,-48.30636684333274
434,434.0,462.6365724975224,-45.83064642981763
435,435.0,462.6365724975224,-55.32554976439469
436,436.0,464.7497884229822,-45.971843128600284
437,437.0,462.6365724975224,-45.971843128600284
438,438.0,462.63192025693223,-45.96024729688619
439,439.0,462.6365724975224,-55.31395393268058
440,440.0,464.7497884229822,-45.96024729688619
441,441.0,462.6365724975224,-45.971843128600284
442,442.0,462.6365724975224,-45.971843128600284
443,443.0,466.92124134060987,-55.84934172060662
444,444.0,464.7497884229822,-46.49563508481222
445,445.0,462.6365724975224,-46.49563508481222
446,446.0,464.7497884229822,-36.61813649280589
447,447.0,462.6365724975224,-45.971843128600284
448,448.0,462.6365724975224,-45.971843128600284
449,449.0,464.7497884229822,-45.971843128600284
450,450.0,462.6365724975224,-45.971843128600284
451,451.0,464.7497884229822,-36.61813649280589
452,452.0,462.6365724975224,-45.971843128600284
453,453.0,462.6119230819966,-45.78312427743706
454,454.0,466.92124134060987,-55.660622869443394
455,455.0,464.7497884229822,-46.306916233649
456,456.0,464.7497884229822,-37.14192844901782
457,457.0,462.6365724975224,-36.61813649280589
458,458.0,462.6365724975224,-45.971843128600284
459,459.0,462.6365724975224,-55.32554976439469
460,460.0,464.7497884229822,-45.971843128600284
461,461.0,464.7497884229822,-36.61813649280589
462,462.0,464.7497884229822,-27.264429857011482
463,463.0,464.7497884229822,-27.264429857011482
464,464.0,464.7497884229822,-27.264429857011482
465,465.0,462.6365724975224,-36.61813649280589
466,466.0,464.7497884229822,-36.61813649280589
467,467.0,464.7497884229822,-36.61813649280589
468,468.0,462.6365724975224,-36.61813649280589
469,469.0,462.6365724975224,-45.971843128600284
470,470.0,464.7497884229822,-45.971843128600284
471,471.0,462.6365724975224,-45.971843128600284
472,472.0,466.92124134060987,-46.49563508481222
473,473.0,464.7497884229822,-46.49563508481222
474,474.0,464.7497884229822,-37.14192844901782
475,475.0,462.6365724975224,-36.61813649280589
476,476.0,464.7497884229822,-36.61813649280589
477,477.0,462.6365724975224,-45.971843128600284
478,478.0,462.6365724975224,-45.971843128600284
479,479.0,462.6365724975224,-55.32554976439469
480,480.0,462.6365724975224,-55.32554976439469
481,481.0,464.7497884229822,-45.971843128600284
482,482.0,464.7497884229822,-36.61813649280589
483,483.0,462.6365724975224,-36.61813649280589
484,484.0,464.7497884229822,-36.61813649280589
485,485.0,464.7497884229822,-36.61813649280589
486,486.0,464.7497884229822,-27.264429857011482
487,487.0,462.6365724975224,-36.61813649280589
488,488.0,464.7497884229822,-36.61813649280589
489,489.0,464.7497884229822,-36.61813649280589
490,490.0,464.7497884229822,-27.264429857011482
491,491.0,464.7497884229822,-27.264429857011482
492,492.0,464.74498651145285,-27.25377485918537
493,493.0,466.92124134060987,-37.1312734511917
494,494.0,462.6365724975224,-46.4849800869861
495,495.0,466.92124134060987,-56.373133676818554
496,496.0,462.6365724975224,-55.84934172060662
497,497.0,464.7497884229822,-46.49563508481222
498,498.0,462.6365724975224,-45.971843128600284
499,499.0,464.74498651145285,-36.60748149497977
500,500.0,462.6365724975224,-45.96118813077417
501,501.0,464.7497884229822,-36.607481494979766
502,502.0,462.6365724975224,-45.971843128600284
503,503.0,464.74498651145285,-36.60748149497977
504,504.0,464.7497884229822,-36.607481494979766
505,505.0,464.7497884229822,-27.25377485918537
506,506.0,466.92124134060987,-37.14192844901782
507,507.0,462.6365724975224,-46.49563508481222
508,508.0,462.6365724975224,-55.84934172060662
509,509.0,464.7497884229822,-45.971843128600284
510,510.0,464.7497884229822,-36.61813649280589
511,511.0,464.7497884229822,-27.264429857011482
512,512.0,464.7497884229822,-27.264429857011482
513,513.0,464.7497884229822,-27.264429857011482
514,514.0,464.7497884229822,-27.264429857011482
515,515.0,462.6365724975224,-36.61813649280589
516,516.0,464.7497884229822,-36.61813649280589
517,517.0,464.7497884229822,-36.61813649280589
518,518.0,464.7497884229822,-27.264429857011482
519,519.0,462.6365724975224,-36.61813649280589
520,520.0,464.74498651145285,-36.60748149497977
521,521.0,466.92124134060987,-46.4849800869861
522,522.0,464.7497884229822,-37.1312734511917
523,523.0,464.7497884229822,-37.14192844901782
524,524.0,464.7497884229822,-27.264429857011482
525,525.0,464.74498651145285,-27.25377485918537
526,526.0,462.6365724975224,-36.607481494979766
527,527.0,462.6365724975224,-45.96118813077417
528,528.0,464.7497884229822,-45.971843128600284
529,529.0,466.92124134060987,-46.49563508481222
530,530.0,464.7497884229822,-37.14192844901782
531,531.0,464.7497884229822,-37.14192844901782
532,532.0,464.7497884229822,-27.264429857011482
533,533.0,464.7497884229822,-27.264429857011482
534,534.0,462.63192025693223,-36.60654066109178
535,535.0,462.6365724975224,-45.96024729688619
536,536.0,462.6365724975224,-55.31395393268058
537,537.0,464.7497884229822,-45.971843128600284
538,538.0,464.7497884229822,-36.61813649280589
539,539.0,464.7497884229822,-27.264429857011482
540,540.0,462.6365724975224,-36.61813649280589
541,541.0,462.6365724975224,-45.971843128600284
542,542.0,462.6365724975224,-55.32554976439469
543,543.0,464.7497884229822,-45.971843128600284
544,544.0,464.7497884229822,-36.61813649280589
545,545.0,464.7497884229822,-27.264429857011482
546,546.0,464.7497884229822,-27.264429857011482
547,547.0,464.7497884229822,-27.264429857011482
548,548.0,462.6365724975224,-36.61813649280589
549,549.0,464.7497884229822,-36.61813649280589
550,550.0,464.7497884229822,-36.61813649280589
551,551.0,464.7497884229822,-27.264429857011482
552,552.0,464.7497884229822,-27.264429857011482
553,553.0,464.7497884229822,-27.264429857011482
554,554.0,464.7497884229822,-27.264429857011482
555,555.0,464.7497884229822,-27.264429857011482
556,556.0,462.63192025693223,-36.60654066109178
557,557.0,462.6365724975224,-45.96024729688619
