,t,x,y
0,0.0,575.9153836268143,-131.50934503956907
1,1.0,579.2436081173918,-160.99547683555647
2,2.0,579.2436081173918,-170.82418743421894
3,3.0,579.1631256058025,-189.82550254381826
4,4.0,579.2436081173918,-189.82550254381826
5,5.0,575.9153836268143,-170.1680813464933
6,6.0,575.9153836268143,-151.166766236894
7,7.0,575.8878508329659,-131.67535111855557
8,8.0,575.9153836268143,-131.67535111855557
9,9.0,572.6493940649624,-113.39559345403609
10,10.0,575.9153836268143,-113.22958737504962
11,11.0,575.8878508329659,-113.3955934540361
12,12.0,575.9153836268143,-131.67535111855557
13,13.0,575.9153836268143,-131.67535111855557
14,14.0,572.573692768526,-112.66681867220598
15,15.0,575.9153836268143,-112.66681867220598
16,16.0,575.9153836268143,-112.66681867220598
17,17.0,575.8878508329659,-131.67535111855557
18,18.0,575.9153836268143,-131.67535111855557
19,19.0,575.9153836268143,-131.67535111855557
20,20.0,575.9153836268143,-131.50934503956907
21,21.0,575.9153836268143,-131.50934503956907
22,22.0,575.9153836268143,-131.50934503956907
23,23.0,575.9153836268143,-131.50934503956907
24,24.0,575.9153836268143,-131.50934503956907
25,25.0,575.8878508329659,-131.67535111855557
26,26.0,575.9153836268143,-131.67535111855557
27,27.0,575.9153836268143,-131.67535111855557
28,28.0,575.8878508329659,-131.67535111855557
29,29.0,575.8878508329659,-131.84135719754207
30,30.0,575.9153836268143,-131.84135719754207
31,31.0,575.9153836268143,-131.67535111855557
32,32.0,575.9153836268143,-131.50934503956907
33,33.0,575.8878508329659,-131.67535111855557
34,34.0,575.9153836268143,-131.67535111855557
35,35.0,575.9153836268143,-131.67535111855557
36,36.0,575.8878508329659,-131.67535111855557
37,37.0,575.8878508329659,-131.84135719754207
38,38.0,575.9153836268143,-131.84135719754207
39,39.0,575.9153836268143,-131.67535111855557
40,40.0,575.9153836268143,-131.50934503956907
41,41.0,575.9153836268143,-131.50934503956907
42,42.0,575.8373429943539,-130.90983166918505
43,43.0,575.9153836268143,-130.90983166918508
44,44.0,572.6493940649624,-112.63007400466559
45,45.0,575.9153836268143,-113.22958737504962
46,46.0,575.9153836268143,-113.22958737504962
47,47.0,575.9153836268143,-131.50934503956907
48,48.0,575.8878508329659,-131.67535111855557
49,49.0,575.9153836268143,-131.67535111855557
50,50.0,575.8878508329659,-131.84135719754207
51,51.0,575.9153836268143,-131.67535111855557
52,52.0,575.9153836268143,-131.67535111855557
53,53.0,575.9153836268143,-131.50934503956907
54,54.0,575.9153836268143,-131.50934503956907
55,55.0,575.8373429943539,-130.90983166918505
56,56.0,572.6493940649624,-112.63007400466559
57,57.0,575.8373429943539,-112.03056063428157
58,58.0,572.6221189416855,-94.5130097714172
59,59.0,575.9153836268143,-112.79276743593664
60,60.0,575.9153836268143,-113.39228080632067
61,61.0,575.9153836268143,-131.50934503956907
62,62.0,575.8878508329659,-131.67535111855557
63,63.0,579.2158117680418,-151.50593757728532
64,64.0,572.573692768526,-132.66341120992226
65,65.0,575.8878508329659,-132.66341120992226
66,66.0,575.8036527482345,-112.39841547362899
67,67.0,572.5403630896204,-112.56025114422873
68,68.0,575.8878508329659,-112.56025114422873
69,69.0,575.9153836268143,-112.99466042179222
70,70.0,575.9153836268143,-131.67535111855557
71,71.0,575.9153836268143,-131.50934503956907
72,72.0,572.6493940649624,-113.22958737504962
73,73.0,575.9153836268143,-113.22958737504962
74,74.0,575.9153836268143,-113.22958737504962
75,75.0,572.6493940649624,-113.22958737504962
76,76.0,575.9153836268143,-113.22958737504962
77,77.0,575.9153836268143,-113.22958737504962
78,78.0,575.9153836268143,-131.50934503956907
79,79.0,575.9153836268143,-131.50934503956907
80,80.0,575.8373429943539,-130.90983166918505
81,81.0,575.8373429943539,-130.31031829880104
82,82.0,575.9153836268143,-130.31031829880104
83,83.0,575.9153836268143,-130.90983166918508
84,84.0,579.167116575654,-113.14386832568891
85,85.0,582.5360543093699,-113.52242974016205
86,86.0,582.5360543093699,-113.90099115463518
87,87.0,579.167116575654,-113.63587780598392
88,88.0,579.2203971948102,-94.47606856205188
89,89.0,582.5360543093699,-90.59264101620232
90,90.0,582.584538208872,-105.85244461296408
91,91.0,579.2436081173918,-139.5678582763215
92,92.0,582.4204487418868,-136.8390052104269
93,93.0,582.5075712200195,-133.3949802650302
94,94.0,579.2158117680418,-130.3291730865066
95,95.0,579.1290665594806,-145.08208510591587
96,96.0,585.82263200015,-154.3904066124851
97,97.0,582.6079526729819,-163.56611380334652
98,98.0,589.3837088035953,-177.20871766138066
99,99.0,589.3837088035953,-196.03097752673816
100,100.0,589.4127499792513,-196.11196100678112
101,101.0,589.3093004090665,-153.86561818476756
102,102.0,589.3093004090665,-112.46530208216615
103,103.0,589.4127499792513,-112.46530208216616
104,104.0,585.9411800476163,-131.7143426867054
105,105.0,586.0946528988416,-191.68951470194804
106,106.0,582.5529858525306,-185.70121652211319
107,107.0,582.6079526729819,-202.57304401289772
108,108.0,582.6079526729819,-178.71874009297883
109,109.0,585.6996467480737,-148.1113202659515
110,110.0,585.9911997276917,-117.86747923067742
111,111.0,585.9411800476163,-84.32850864720255
112,112.0,585.9411800476163,-81.75006498983625
113,113.0,585.9411800476163,-77.6352398796999
114,114.0,585.9411800476163,-76.8155443177643
115,115.0,585.9911997276917,-76.83037870220744
116,116.0,585.9411800476163,-73.8248283084436
117,117.0,582.6360186317767,-89.77893958035018
118,118.0,585.9911997276917,-86.49886054745186
119,119.0,585.9911997276917,-86.51239814673905
120,120.0,585.9911997276917,-67.56627408035584
121,121.0,586.0089552074065,-105.15902669743373
122,122.0,582.6360186317767,-120.34965229371574
123,123.0,586.0922619677949,-158.4969513312537
124,124.0,582.6360186317767,-136.09482431045782
125,125.0,582.6334621434414,-136.13272404037545
126,126.0,585.9741329080024,-132.4395290667073
127,127.0,582.6360186317767,-128.1276604528874
128,128.0,582.5529858525306,-121.97565984712007
129,129.0,582.5568043940816,-95.2436934898371
130,130.0,586.0922619677949,-115.390403056941
131,131.0,579.4416205521239,-135.01027723041855
132,132.0,579.4416205521239,-154.55237507930335
133,133.0,582.880601302309,-176.0693102363364
134,134.0,579.3919282475056,-170.2954295587289
135,135.0,576.051539193124,-144.13518227254113
136,136.0,579.4416205521239,-112.26906476459833
137,137.0,579.4330310880788,-108.48561528975522
138,138.0,579.3919282475056,-125.58185510900542
139,139.0,579.3919282475056,-122.24720079383461
140,140.0,579.3919282475056,-119.16186462828766
141,141.0,579.4416205521239,-117.34143072309526
142,142.0,576.2483726559586,-134.09366644079276
143,143.0,576.2566333765946,-151.79408649439605
144,144.0,576.2566333765946,-169.16844494056986
145,145.0,572.8874868936107,-142.50806204146429
146,146.0,569.7641182094874,-135.54122724361582
147,147.0,572.8874868936107,-104.98787763723925
148,148.0,572.8791746143319,-100.78574873292696
149,149.0,566.7124074525007,-116.85192404938175
150,150.0,566.7124074525007,-155.26929834976696
151,151.0,563.4325809433341,-169.02322538685334
152,152.0,566.7124074525007,-167.4790806061063
153,153.0,566.7124074525007,-162.38340282964103
154,154.0,566.704710101959,-182.11285862520148
155,155.0,563.6993569090929,-201.15993112670037
156,156.0,563.6993569090929,-224.99385244851513
157,157.0,566.704710101959,-224.0670405018203
158,158.0,566.704710101959,-197.18151444992637
159,159.0,563.709451055403,-194.81027854317918
160,160.0,563.7067676258087,-216.51507877692123
161,161.0,560.4387715540925,-209.66813227985168
162,162.0,560.4387715540925,-178.30689563763534
163,163.0,560.4387715540925,-147.43811904008655
164,164.0,560.4387715540925,-147.43811904008655
165,165.0,560.4387715540925,-147.43811904008655
166,166.0,557.4875463754755,-165.73211842859666
167,167.0,557.4972973061954,-184.12149526777014
168,168.0,557.4972973061954,-202.51087210694368
169,169.0,557.4972973061954,-202.60624955760707
170,170.0,557.4972973061954,-200.82775274190217
171,171.0,557.4947294862568,-198.7569838792358
172,172.0,557.4947294862568,-196.68621501656943
173,173.0,554.3117888066599,-170.96241619379285
174,174.0,557.4947294862568,-170.96241619379285
175,175.0,557.4875463754755,-170.9986938211614
176,176.0,557.4875463754755,-196.46649822434503
177,177.0,554.289692078799,-170.85284185684017
178,178.0,557.4875463754755,-170.85284185684017
179,179.0,557.4875463754755,-170.85284185684017
180,180.0,557.4875463754755,-196.17959022094115
181,181.0,554.2609283102405,-169.93057782623302
182,182.0,551.1221327590957,-122.63120359674384
183,183.0,551.118508933407,-75.60924446405363
184,184.0,551.4194081233801,-93.41567190604583
185,185.0,554.289692078799,-111.35228263326162
186,186.0,551.4194081233801,-150.25484244400835
187,187.0,554.289692078799,-129.3346638944508
188,188.0,551.4194081233801,-150.25484244400835
189,189.0,551.4194081233801,-150.25484244400835
190,190.0,551.4194081233801,-171.17502099356588
191,191.0,551.4194081233801,-171.17502099356588
192,192.0,554.289692078799,-150.25484244400835
193,193.0,551.4194081233801,-150.25484244400835
194,194.0,551.4194081233801,-150.25484244400835
195,195.0,548.2912460223683,-147.27262285825591
196,196.0,551.4194081233801,-147.27262285825591
197,197.0,551.16014297393,-105.56447227272831
198,198.0,554.289692078799,-108.54669185848074
199,199.0,554.289692078799,-87.62651330892321
200,200.0,551.4194081233801,-129.33466389445084
201,201.0,554.289692078799,-129.3346638944508
202,202.0,554.2990710209884,-129.39456414427335
203,203.0,551.4194081233801,-129.39456414427337
204,204.0,551.4194081233801,-150.3147426938309
205,205.0,548.2912460223683,-147.27262285825591
206,206.0,554.2990710209884,-126.41234455852096
207,207.0,551.4194081233801,-126.41234455852096
208,208.0,554.2990710209884,-129.4544643940959
209,209.0,551.16014297393,-108.60659210830327
210,210.0,554.2990710209884,-87.74631380856829
211,211.0,551.4194081233801,-108.60659210830327
212,212.0,554.2990710209884,-129.4544643940959
213,213.0,551.4194081233801,-150.3147426938309
214,214.0,554.2990710209884,-129.4544643940959
215,215.0,551.4194081233801,-150.3147426938309
216,216.0,554.289692078799,-129.39456414427337
217,217.0,551.4194081233801,-150.25484244400835
218,218.0,548.2912460223683,-126.35244430869841
219,219.0,551.4194081233801,-147.27262285825591
220,220.0,554.2990710209884,-126.41234455852096
221,221.0,554.2990710209884,-129.4544643940959
222,222.0,551.4194081233801,-129.4544643940959
223,223.0,551.4169497490315,-147.20792683164402
224,224.0,551.4099850094016,-164.9887598370528
225,225.0,554.2787137410368,-144.67131614158663
226,226.0,554.2990710209884,-127.80926430884249
227,227.0,554.289692078799,-110.71109695509115
228,228.0,554.289692078799,-110.85092800247982
229,229.0,554.289692078799,-110.64218304933335
230,230.0,554.289692078799,-110.64218304933335
231,231.0,554.289692078799,-110.64218304933335
232,232.0,554.289692078799,-110.64218304933335
233,233.0,554.2990710209884,-110.85092800247982
234,234.0,554.289692078799,-110.85092800247982
235,235.0,551.16014297393,-90.15829743050709
236,236.0,557.4972973061954,-117.85565532554432
237,237.0,560.3993928532295,-129.16374535921454
238,238.0,566.6740872525337,-169.94904343783165
239,239.0,566.7147560311599,-163.40066508248717
240,240.0,570.0603876718645,-213.96773996843163
241,241.0,570.0603876718645,-257.111421245691
242,242.0,570.0499339964384,-298.851328852892
243,243.0,573.1212284438823,-274.136907325148
244,244.0,573.1291756397026,-249.43209666370362
245,245.0,569.7741148386648,-200.59149277157425
246,246.0,576.2154591741952,-186.06639792691547
247,247.0,579.4330310880788,-158.4750309054771
248,248.0,582.676938431144,-137.1831139497809
249,249.0,582.6858727545635,-107.61412144172743
250,250.0,582.6871834497892,-90.1126152362379
251,251.0,582.676938431144,-92.61819920903356
252,252.0,582.6858727545635,-95.81921391434166
253,253.0,582.676938431144,-98.96483712061861
254,254.0,582.6871834497892,-102.0840333911898
255,255.0,582.6871834497892,-105.24158818555595
256,256.0,586.1478974742923,-133.03389837873576
257,257.0,586.1372288550342,-159.76341698974514
258,258.0,586.1372288550342,-187.11225784535068
259,259.0,586.1372288550342,-190.38251971750947
260,260.0,582.676938431144,-174.8713131247042
261,261.0,586.1372288550342,-183.01738833665044
262,262.0,582.6858727545635,-168.47831975493884
263,263.0,582.6858727545635,-171.77790782658863
264,264.0,582.6858727545635,-151.0789542248769
265,265.0,582.6858727545635,-153.02739795854268
266,266.0,582.6871834497892,-155.91229043642554
267,267.0,582.6871834497892,-159.63289926265733
268,268.0,585.9819034685377,-145.01946854656669
269,269.0,589.4551346876843,-151.99489295465872
270,270.0,585.9920932923616,-137.82916188299797
271,271.0,585.9911997276917,-141.61483547675212
272,272.0,585.9383719860137,-123.85218127809333
273,273.0,585.9911997276917,-126.21797315147133
274,274.0,585.9819034685377,-128.99326810103125
275,275.0,585.9911997276917,-132.3897307355755
276,276.0,585.9911997276917,-135.12312992965744
277,277.0,585.9819034685377,-137.85686682270497
278,278.0,585.9911997276917,-140.31692609737868
279,279.0,585.9911997276917,-144.1436849690934
280,280.0,585.9411800476163,-148.17688196723023
281,281.0,582.5360543093699,-131.86152616280592
282,282.0,582.584538208872,-116.18142607321288
283,283.0,582.6007049516729,-100.95039586713415
284,284.0,582.584538208872,-106.97598743488129
285,285.0,582.5360543093699,-110.72670046440187
286,286.0,582.5360543093699,-112.95965227131785
287,287.0,582.5075712200195,-113.13179281992268
288,288.0,582.584538208872,-114.60470683048068
289,289.0,582.5624301494078,-117.32148346272983
290,290.0,582.5360543093699,-119.82798550086825
291,291.0,582.584538208872,-121.70313366910159
292,292.0,582.4204487418868,-121.88058638713073
293,293.0,582.5075712200195,-122.98957893642417
294,294.0,579.1953300555597,-105.83289429034197
295,295.0,579.1953300555597,-90.72085253207943
296,296.0,579.1953300555597,-75.64379421570793
297,297.0,575.8878508329659,-98.05178185099714
298,298.0,575.9153836268143,-119.36488835503944
299,299.0,575.9153836268143,-141.0737505385736
300,300.0,575.9153836268143,-144.34950871621672
301,301.0,575.8878508329659,-148.48648256686974
302,302.0,572.6493940649624,-133.4422492639005
303,303.0,572.573692768526,-117.03396712814349
304,304.0,572.6221189416855,-100.25605898629765
305,305.0,572.5403630896204,-100.77113932189025
306,306.0,572.5403630896204,-101.45627583022656
307,307.0,572.6493940649624,-103.12934621813794
308,308.0,569.4155514475924,-123.6959421696726
309,309.0,569.3341481582596,-144.07507775437912
310,310.0,572.6221189416855,-147.25151181151102
311,311.0,569.4155514475924,-150.39229265500538
312,312.0,566.1429877529176,-136.5322644502509
313,313.0,566.1663856161103,-138.91668917699596
314,314.0,566.1429877529176,-122.37932417896077
315,315.0,566.1429877529176,-123.02731758161035
316,316.0,566.1429877529176,-122.91730446683903
317,317.0,566.222055953021,-124.75620602800227
318,318.0,566.222055953021,-126.85435733437231
319,319.0,566.1429877529176,-128.92793622285092
320,320.0,569.2721849391052,-148.23942533622767
321,321.0,566.1429877529176,-149.25164236257558
322,322.0,569.3341481582596,-168.7651005979903
323,323.0,566.222055953021,-152.69390589877992
324,324.0,563.0070576763528,-171.40798301885027
325,325.0,563.086932408747,-138.75432790054106
326,326.0,559.9621522870556,-139.9268610116071
327,327.0,559.8856550544651,-124.34190551695731
328,328.0,559.8856550544651,-141.9015166861316
329,329.0,559.8856550544651,-143.43022636313364
330,330.0,563.0101053300731,-129.61914384337555
331,331.0,556.7188613305001,-115.0242786861956
332,332.0,560.0084672506177,-84.84933533186673
333,333.0,556.8206336796835,-86.14395128348383
334,334.0,556.8949860771119,-88.59118308082212
335,335.0,559.9621522870556,-122.74949435310664
336,336.0,556.8949860771119,-124.6549880284989
337,337.0,556.8949860771119,-126.95889777967857
338,338.0,559.9621522870556,-129.26627909849805
339,339.0,559.9621522870556,-147.96250407640332
340,340.0,553.8826501129814,-133.80789733293582
341,341.0,556.8414492199757,-119.40642619956195
342,342.0,553.8826501129814,-88.60818221339586
343,343.0,553.8826501129814,-89.6383660446495
344,344.0,553.8103581636968,-73.78736973113052
345,345.0,553.7061989634384,-106.34247982541139
346,346.0,553.7857135440476,-139.39842877670273
347,347.0,553.5993609295762,-171.74887011970293
348,348.0,553.8378400913952,-172.56965725923166
349,349.0,553.7516591233795,-141.28959511173727
350,350.0,553.8378400913952,-143.04279507924775
351,351.0,553.7857135440476,-144.24820915341385
352,352.0,547.8447478391514,-176.73279074774328
353,353.0,553.7638034069092,-178.13145843565493
354,354.0,550.7072483002617,-164.0472357498618
355,355.0,553.7061989634384,-166.01405114711687
356,356.0,553.7061989634384,-166.9635467667984
357,357.0,550.7072483002617,-167.0901169009435
358,358.0,550.7072483002617,-151.4820861723665
359,359.0,553.7061989634384,-151.9891467735167
360,360.0,550.7846211826462,-152.84829179148508
361,361.0,550.7072483002617,-153.10143205977536
362,362.0,550.7846211826462,-137.59234547972628
363,363.0,550.7846211826462,-137.97203022239512
364,364.0,550.7072483002617,-138.47831075897565
365,365.0,550.7072483002617,-138.88486708245853
366,366.0,550.7072483002617,-138.91173866327253
367,367.0,550.7072483002617,-139.16487893156278
368,368.0,550.764455780709,-139.1073060483325
369,369.0,550.764455780709,-139.04973316510223
370,370.0,550.6659244276726,-138.35075285266888
371,371.0,547.7730671490621,-153.56308765554763
372,372.0,550.764455780709,-153.56308765554763
373,373.0,544.9070123336143,-154.38873314847143
374,374.0,550.8609165686133,-140.3961370418106
375,375.0,553.8826501129814,-127.06336643510456
376,376.0,547.7730671490621,-143.5965015223608
377,377.0,544.8568410125432,-144.11431113147037
378,378.0,541.9528581817009,-144.27831419180288
379,379.0,541.9528581817009,-116.02893686201013
380,380.0,544.8568410125432,-118.03196443743646
381,381.0,544.7819082279152,-134.2296889854514
382,382.0,547.761289106821,-133.74268819572148
383,383.0,550.764455780709,-132.66076918325055
384,384.0,547.7730671490621,-147.47796409365978
385,385.0,547.8881174076837,-147.2461939743733
386,386.0,547.8181081043555,-131.87566477217186
387,387.0,544.8372989331816,-116.38398596455056
388,388.0,547.8181081043555,-115.79554792001568
389,389.0,544.8372989331816,-130.73666559523446
390,390.0,544.9070123336143,-130.94554043388894
391,391.0,544.7819082279152,-146.06253020022544
392,392.0,547.8181081043555,-130.48470853276424
393,393.0,547.8366021195314,-115.21995004017516
394,394.0,547.8881174076837,-99.9275742800195
395,395.0,544.8372989331816,-114.62880160557665
396,396.0,544.8372989331816,-128.68286315447804
397,397.0,544.8568410125432,-143.56019980945584
398,398.0,547.8881174076837,-128.42912564551952
399,399.0,547.8366021195314,-113.35698674820735
400,400.0,544.7819082279152,-111.76887820626013
401,401.0,547.8181081043555,-110.03393147101501
402,402.0,547.8366021195314,-108.25229611129616
403,403.0,550.7072483002617,-107.02267893452102
404,404.0,547.7730671490621,-135.6162459773793
405,405.0,550.7072483002617,-148.64353943534192
406,406.0,553.7061989634384,-162.09656260903057
407,407.0,553.7061989634384,-161.2608701491404
408,408.0,550.7072483002617,-158.856037600383
409,409.0,556.761528963534,-139.27157211208853
410,410.0,556.761528963534,-117.50911714971613
411,411.0,556.6498268649628,-143.30402007709054
412,412.0,562.9490184126224,-138.70509174045853
413,413.0,559.7809216223627,-151.60482711699083
414,414.0,556.8206336796835,-117.26119946981068
415,415.0,559.9621522870556,-131.88818608345687
416,416.0,559.7157493740372,-129.14024783515154
417,417.0,562.9490184126224,-125.83522302106037
418,418.0,565.9673738115197,-121.55012271897338
419,419.0,562.838114454645,-101.02507105443568
420,420.0,569.1547689345008,-131.84862579024986
421,421.0,566.0814675464671,-127.52925746594288
422,422.0,569.3341481582596,-157.4981723362405
423,423.0,569.2741752491462,-117.71273360737136
424,424.0,572.5403630896204,-113.8644347247073
425,425.0,569.2226727573965,-109.28856279214313
426,426.0,569.2226727573965,-139.70012536450665
427,427.0,572.5403630896204,-135.50639135727343
428,428.0,572.5403630896204,-115.38230017714454
429,429.0,575.8878508329659,-114.0286197969903
430,430.0,575.8878508329659,-130.69997390517054
431,431.0,575.8036527482345,-147.68640088307322
432,432.0,575.8036527482345,-146.15770299175188
433,433.0,575.8036527482345,-144.62914693201628
434,434.0,575.8878508329659,-143.51066091571138
435,435.0,575.688352279807,-140.58065906511044
436,436.0,575.8036527482345,-138.19887433985835
437,437.0,575.8036527482345,-135.21539777378464
438,438.0,575.8036527482345,-134.04343704200699
439,439.0,579.2158117680418,-152.72847121477204
440,440.0,579.1631256058025,-171.51277106388343
441,441.0,579.1290665594806,-190.0545303620157
442,442.0,579.2158117680418,-188.57004721223765
443,443.0,579.2158117680418,-187.51032060063162
444,444.0,579.2158117680418,-186.68260798004044
445,445.0,579.2158117680418,-185.3330778438786
446,446.0,579.2158117680418,-183.17382962601963
447,447.0,582.4204487418868,-161.6760084538123
448,448.0,582.4204487418868,-139.64714241880299
449,449.0,585.9411800476163,-138.2006603805576
450,450.0,582.5075712200195,-135.74586911514692
451,451.0,579.167116575654,-114.71720913472802
452,452.0,585.82263200015,-112.16525238868199
453,453.0,582.4204487418868,-109.53347329707572
454,454.0,582.5075712200195,-126.7678692043961
455,455.0,582.5360543093699,-105.3153593758545
456,456.0,582.5075712200195,-104.73336550085465
457,457.0,582.5075712200195,-103.52820063837737
458,458.0,585.9124211200054,-122.2469965522533
459,459.0,585.9124211200054,-139.9688378671054
460,460.0,582.4204487418868,-135.73212589125572
461,461.0,585.9124211200054,-132.72649901694885
462,462.0,585.9124211200054,-129.72087214264198
463,463.0,585.9124211200054,-149.07552017986268
464,464.0,585.82263200015,-147.30594072750458
465,465.0,585.9124211200054,-147.03270192074942
466,466.0,582.5360543093699,-125.85083466866213
467,467.0,585.9411800476163,-125.11905342388691
468,468.0,582.5360543093699,-103.67477979981693
469,469.0,585.9411800476163,-123.17500972781306
470,470.0,585.9411800476163,-122.90177787383452
471,471.0,582.5360543093699,-122.36613269509665
472,472.0,585.9411800476163,-121.81966898713961
473,473.0,585.9911997276917,-121.56980868654757
474,474.0,585.9411800476163,-141.59486526406238
475,475.0,585.9411800476163,-141.32163341008388
476,476.0,585.9911997276917,-141.04829349067566
477,477.0,585.9411800476163,-140.77506163669713
478,478.0,582.5360543093699,-120.75541432379191
479,479.0,582.5360543093699,-100.43927166895132
480,480.0,585.9411800476163,-99.3463442530372
481,481.0,585.9689261109389,-118.61136177271271
482,482.0,585.9411800476163,-136.17192239981117
483,483.0,585.9689261109389,-134.05001596063417
484,484.0,585.9411800476163,-130.56955201719666
485,485.0,585.9411800476163,-128.65692903934698
486,486.0,585.9411800476163,-127.22682137680306
487,487.0,582.6360186317767,-144.6032490536982
488,488.0,585.9383719860137,-141.77548420287008
489,489.0,585.9911997276917,-139.33674323841925
490,490.0,585.9819034685377,-119.01642917848271
491,491.0,582.676938431144,-138.74576509852147
492,492.0,585.9383719860137,-138.35669887663087
493,493.0,585.9819034685377,-138.49338572128326
494,494.0,582.5360543093699,-98.71266708986262
495,495.0,582.676938431144,-119.13287452819252
496,496.0,582.584538208872,-99.4558893782624
497,497.0,582.6858727545635,-139.61129577608367
498,498.0,582.6858727545635,-139.56838621368502
499,499.0,579.2436081173918,-157.3148163018552
500,500.0,579.2919301987253,-135.71449384761488
501,501.0,585.9911997276917,-115.99960211298243
502,502.0,585.9411800476163,-117.59519039237836
503,503.0,585.9383719860137,-118.81821497068738
504,504.0,585.9411800476163,-117.97806562196615
505,505.0,585.9911997276917,-117.99830327789243
506,506.0,582.6858727545635,-137.26220473458613
507,507.0,585.9124211200054,-135.3915220347843
508,508.0,585.9124211200054,-130.90483996765872
509,509.0,585.9911997276917,-106.28986642528362
510,510.0,585.9411800476163,-102.14944833755779
511,511.0,585.9911997276917,-99.80263241947854
512,512.0,585.9911997276917,-97.88925298362119
513,513.0,589.4419314472896,-117.66100162055228
514,514.0,589.3837088035953,-136.07710622607848
515,515.0,585.9383719860137,-132.95713854692727
516,516.0,585.9411800476163,-107.72075283042557
517,517.0,586.0946528988416,-126.73753211774658
518,518.0,586.0946528988416,-167.40115325359787
519,519.0,586.1461079836325,-209.1251390635567
520,520.0,586.0089552074065,-207.0065770764328
521,521.0,586.0089552074065,-204.16316294845782
522,522.0,586.1461079836325,-202.70886708955973
523,523.0,585.9741329080024,-200.7321196324757
524,524.0,586.0946528988416,-200.08825156074286
525,525.0,586.0946528988416,-198.26396241965622
526,526.0,586.1461079836325,-198.8060726713815
527,527.0,582.6360186317767,-174.8243909811341
528,528.0,586.0946528988416,-172.7901430313045
529,529.0,582.6360186317767,-146.76935762771237
530,530.0,582.6858727545635,-144.71280556937492
531,531.0,582.6858727545635,-120.15212156100081
532,532.0,586.0946528988416,-140.5719903828426
533,533.0,582.6858727545635,-137.7884993347486
534,534.0,582.8378472907092,-178.90132279795694
535,535.0,579.3919282475056,-172.5898767313954
536,536.0,576.0120174963537,-167.49941069417784
537,537.0,579.2919301987253,-100.53144831259051
538,538.0,579.4330310880788,-99.19284666498447
539,539.0,576.0120174963537,-96.99678768902622
540,540.0,579.4330310880788,-134.2738917630222
541,541.0,579.4330310880788,-131.40889702695046
542,542.0,582.6858727545635,-130.20577434343963
543,543.0,576.2566333765946,-149.23231269697695
544,544.0,576.2566333765946,-167.93689212657338
545,545.0,576.2070992560195,-207.2266403028997
546,546.0,579.4416205521239,-183.14719485735873
547,547.0,582.8891368182115,-184.04443190776394
548,548.0,579.4416205521239,-159.6919373225556
549,549.0,579.4416205521239,-156.6843943118355
550,550.0,579.4416205521239,-128.73582867326158
551,551.0,579.4416205521239,-125.87150199638529
552,552.0,572.8874868936107,-120.39286726695168
553,553.0,572.8874868936107,-115.0680839274246
554,554.0,572.8874868936107,-110.04249532286036
555,555.0,572.8874868936107,-107.07961954760354
556,556.0,569.7641182094874,-123.473712329367
557,557.0,569.7721158188284,-138.62606129196618
558,558.0,572.8791746143319,-133.86044318164912
559,559.0,566.704710101959,-150.47918557112723
560,560.0,566.7124074525007,-166.67406924095545
561,561.0,566.704710101959,-203.77504718674743
562,562.0,566.7124074525007,-198.63786258487562
563,563.0,563.7067676258087,-219.86853018440124
564,564.0,566.704710101959,-215.08000179314445
565,565.0,566.7283162384971,-211.76231412774823
566,566.0,563.4325809433341,-159.493142432337
567,567.0,563.4325809433341,-133.66593275097338
568,568.0,566.7147560311599,-132.78205997484648
569,569.0,563.4325809433341,-132.78205997484648
570,570.0,566.7124074525007,-155.32776777662332
571,571.0,560.4365246429193,-148.35955927267764
572,572.0,560.4519015296106,-164.91497591342332
573,573.0,560.4365246429193,-157.03991538813077
574,574.0,560.4290667624288,-152.98349617054396
575,575.0,557.4875463754755,-172.0410704645134
576,576.0,560.4290667624288,-170.25488297395017
577,577.0,560.4290667624288,-169.95207295431118
578,578.0,560.4290667624288,-147.22354180551707
579,579.0,554.252329375337,-141.21710657054408
580,580.0,554.289692078799,-134.81533435002692
581,581.0,554.2990710209884,-128.62446198233778
582,582.0,554.289692078799,-128.22912499679362
583,583.0,554.2570381729485,-128.45911461910524
584,584.0,554.2570381729485,-128.47820438858886
585,585.0,554.289692078799,-128.47820438858886
586,586.0,554.2505899274279,-127.62551334880958
587,587.0,551.4317740522965,-142.8512293050967
588,588.0,551.16014297393,-116.36658470157988
589,589.0,551.16014297393,-90.5046415155307
590,590.0,548.271549709479,-66.36189035703197
591,591.0,548.271549709479,-84.15948938064881
592,592.0,551.4194081233801,-125.97715630629942
593,593.0,548.271549709479,-125.97715630629939
594,594.0,548.271549709479,-125.97715630629939
595,595.0,548.271549709479,-101.95708840426566
596,596.0,548.271549709479,-101.95708840426566
597,597.0,554.2990710209884,-105.06086490576803
598,598.0,554.2990710209884,-108.1646414072704
599,599.0,551.4099850094016,-132.10345056397964
600,600.0,554.289692078799,-132.04321879112914
601,601.0,554.5968959054004,-183.95236022888312
602,602.0,554.289692078799,-163.05709580082583
603,603.0,554.289692078799,-163.05709580082583
604,604.0,554.289692078799,-111.08772259022135
605,605.0,554.2990710209884,-111.29652279720581
606,606.0,551.1511186674685,-90.41316231465066
607,607.0,551.1511186674685,-69.52980183209553
608,608.0,551.16014297393,-48.61950910042189
609,609.0,551.1511186674685,-48.61950910042189
610,610.0,551.16014297393,-48.80137705828786
611,611.0,551.16014297393,-48.80137705828786
612,612.0,551.16014297393,-49.40219869889251
613,613.0,554.2609283102405,-71.58287929345956
614,614.0,551.3566973180472,-116.14781443439809
615,615.0,576.2483726559586,-157.9567224113357
616,616.0,572.8460102963576,-155.8067743021025
617,617.0,572.8891208299884,-132.01445222233792
618,618.0,576.258724359221,-135.07763286980142
619,619.0,572.8421255054385,-137.41889427081853
620,620.0,579.3987629442009,-143.02521830140984
621,621.0,572.8791746143319,-121.83638668102124
622,622.0,576.2154591741952,-149.6737771784435
623,623.0,576.0614338501376,-132.56623474079427
624,624.0,579.3947339424715,-141.6568850880458
625,625.0,576.0132947839912,-105.16771845377109
626,626.0,582.641258844564,-114.74106733175482
627,627.0,582.641258844564,-101.50721813716477
628,628.0,586.0130495872178,-129.58610362433657
629,629.0,579.3947339424715,-157.5517183616117
630,630.0,582.637391661003,-166.82424001067082
631,631.0,582.6858727545635,-159.52095501825724
632,632.0,582.7024965436134,-147.961000908677
633,633.0,582.6858727545635,-155.73042760774646
634,634.0,582.6360186317767,-158.19794200529597
635,635.0,582.6360186317767,-159.91087048730753
636,636.0,582.6360186317767,-160.42961308529115
637,637.0,582.6360186317767,-161.5423533727285
638,638.0,582.6858727545635,-163.52842465212942
639,639.0,589.4643744691072,-168.77691393282092
640,640.0,585.9383719860137,-152.08688758885248
641,641.0,585.9819034685377,-137.1403781974013
642,642.0,585.9911997276917,-119.42698359175085
643,643.0,585.9411800476163,-123.07474035310774
644,644.0,582.5751867548967,-105.03241660791416
645,645.0,582.6858727545635,-126.16409979359965
646,646.0,585.9819034685377,-129.23379631629481
647,647.0,585.9911997276917,-153.9314913401664
648,648.0,582.584538208872,-119.15870452293841
649,649.0,585.9911997276917,-123.08017005908607
650,650.0,582.5360543093699,-105.04327807890108
651,651.0,582.5360543093699,-106.65269196217993
652,652.0,582.584538208872,-89.52383841244757
653,653.0,582.584538208872,-92.60221136918405
654,654.0,582.5075712200195,-95.45233280361133
655,655.0,582.5360543093699,-96.9271110272828
656,656.0,582.5624301494078,-99.91216714545514
657,657.0,582.5075712200195,-102.59031128429353
658,658.0,582.5360543093699,-104.86680329392948
659,659.0,579.2158117680418,-123.6697168633251
660,660.0,579.2158117680418,-142.60606005031048
661,661.0,579.2436081173918,-161.27343797981538
662,662.0,582.6360186317767,-182.5865822900271
663,663.0,579.2436081173918,-182.41362583602861
664,664.0,579.2436081173918,-182.41362583602861
665,665.0,579.2436081173918,-160.92752507181837
666,666.0,579.2436081173918,-160.79257491857763
667,667.0,579.2436081173918,-160.5226746120961
668,668.0,579.2436081173918,-160.2527743056146
669,669.0,579.2436081173918,-160.11782415237383
670,670.0,582.5360543093699,-141.4525239399815
671,671.0,582.584538208872,-123.05407242011738
672,672.0,582.584538208872,-104.65562090025327
673,673.0,582.5360543093699,-104.65562090025327
674,674.0,582.5360543093699,-104.38877220772508
675,675.0,585.8578714301099,-123.62121330872485
676,676.0,579.2436081173918,-142.28651352111717
677,677.0,579.1631256058025,-160.30194742806486
678,678.0,579.2436081173918,-159.46795784692918
679,679.0,579.2436081173918,-159.46795784692918
680,680.0,579.2436081173918,-160.11782415237383
681,681.0,575.9153836268143,-140.6537028424502
682,682.0,575.9153836268143,-121.18958153252659
683,683.0,579.2436081173918,-121.18958153252659
684,684.0,582.584538208872,-122.79100794208132
685,685.0,582.5360543093699,-125.19676457582624
686,686.0,582.5360543093699,-108.6740450783854
687,687.0,582.5360543093699,-110.01402048131347
688,688.0,582.5360543093699,-110.5496656600513
689,689.0,582.5360543093699,-110.5496656600513
690,690.0,582.5360543093699,-110.5496656600513
691,691.0,582.5360543093699,-110.5496656600513
692,692.0,579.1953300555597,-91.71154074340988
693,693.0,579.1953300555597,-72.87341582676844
694,694.0,579.1953300555597,-54.035290910126996
695,695.0,579.1953300555597,-54.035290910126996
696,696.0,582.5360543093699,-72.87341582676844
697,697.0,579.167116575654,-73.04200673479266
698,698.0,582.5075712200195,-92.05188003344033
699,699.0,579.1953300555597,-74.00916014645216
700,700.0,582.5360543093699,-93.74998451254511
701,701.0,582.5360543093699,-94.91734907738358
702,702.0,579.2919301987253,-133.95069798300307
703,703.0,579.1953300555597,-116.1623627879613
704,704.0,579.2436081173918,-135.66437424226166
705,705.0,579.1953300555597,-98.48697040583318
706,706.0,579.2919301987253,-138.0846540514199
707,707.0,575.9622388233171,-128.5889012837142
708,708.0,575.9622388233171,-157.4450382083783
709,709.0,572.6493940649624,-129.82510911377372
710,710.0,572.6221189416855,-115.0822266147871
711,711.0,572.6493940649624,-99.5086683450699
712,712.0,572.6221189416855,-101.76792158003356
713,713.0,569.3373341446917,-84.79953656623421
714,714.0,572.6221189416855,-85.22369567746422
715,715.0,572.573692768526,-84.76045547019014
716,716.0,569.370311260865,-85.51670104327245
717,717.0,572.5403630896204,-87.18010477256291
718,718.0,569.370311260865,-72.21596034474852
719,719.0,572.5403630896204,-92.7126817691216
720,720.0,569.370311260865,-77.45506268734103
721,721.0,569.4878733566222,-82.27184436594109
722,722.0,569.4155514475924,-104.40280452331557
723,723.0,563.1115441939241,-143.075491047648
724,724.0,563.1130694154044,-148.42022847563848
725,725.0,563.086932408747,-119.62334829003744
726,726.0,563.0101053300731,-91.76360162254036
727,727.0,559.8856550544651,-110.64059129624586
728,728.0,559.9621522870556,-128.32914811526612
729,729.0,560.0301974429121,-146.5849257693508
730,730.0,559.8856550544651,-148.12302750238996
731,731.0,556.8949860771119,-133.02049824574368
732,732.0,556.9615676482613,-119.82291134580476
733,733.0,556.7188613305001,-106.63437372368907
734,734.0,550.764455780709,-109.939426219043
735,735.0,550.6659244276726,-109.61187127270058
736,736.0,550.7846211826462,-111.0365654107189
737,737.0,556.8949860771119,-111.69935748684101
738,738.0,556.8949860771119,-113.5170373947514
739,739.0,550.8364387996849,-114.8479495617723
740,740.0,550.8364387996849,-117.19531425420519
741,741.0,550.8609165686133,-120.78507322319884
742,742.0,550.88181353677,-125.2755019049938
743,743.0,547.7942806151849,-145.1281027711323
744,744.0,550.764455780709,-148.46614509417202
745,745.0,550.8364387996849,-151.69770995573697
746,746.0,544.9070123336143,-140.01560280048312
747,747.0,544.8372989331816,-143.00996416940143
748,748.0,547.8447478391514,-159.98518140053918
749,749.0,544.8372989331816,-159.90146560287994
750,750.0,547.7942806151849,-176.8094687879981
751,751.0,541.9528581817009,-147.82482786574153
752,752.0,541.8978396678231,-134.86375979818078
753,753.0,541.8978396678231,-104.99468854550189
754,754.0,544.7819082279152,-120.0564366377403
755,755.0,544.7819082279152,-134.8189143299401
756,756.0,541.8978396678231,-134.8189143299401
757,757.0,541.9528581817009,-119.75716623770167
758,758.0,544.8372989331816,-119.45848977061246
759,759.0,544.7819082279152,-134.09577073486693
760,760.0,544.7819082279152,-148.9071253712147
761,761.0,544.8568410125432,-149.4166338056351
762,762.0,541.9707984079203,-134.9731469705891
763,763.0,544.8372989331816,-134.67440843313224
764,764.0,544.8372989331816,-133.91444447245354
765,765.0,544.7819082279152,-148.10753785160892
766,766.0,544.7819082279152,-148.2810796611205
767,767.0,544.7819082279152,-148.45462147063205
768,768.0,544.8568410125432,-148.7906651748709
769,769.0,544.7819082279152,-148.6654684469256
770,770.0,547.8881174076837,-133.51514764229134
771,771.0,544.8372989331816,-132.75510660228267
772,772.0,544.8568410125432,-132.9659685875385
773,773.0,544.7819082279152,-147.74069920833674
774,774.0,544.7819082279152,-147.53871290438002
775,775.0,544.7819082279152,-146.57667055145225
776,776.0,547.761289106821,-130.5061780273489
777,777.0,547.8181081043555,-114.24740921598236
778,778.0,547.8881174076837,-98.44581743025736
779,779.0,547.761289106821,-97.68206302437322
780,780.0,547.8181081043555,-96.91801823368229
781,781.0,547.8181081043555,-95.9471898732404
782,782.0,547.8181081043555,-95.50822974527976
783,783.0,547.8181081043555,-95.50822974527976
784,784.0,547.8181081043555,-95.50822974527976
785,785.0,547.8181081043555,-95.50822974527976
786,786.0,547.8181081043555,-95.50822974527976
787,787.0,547.8181081043555,-95.50822974527976
788,788.0,547.8181081043555,-95.50822974527976
789,789.0,547.8181081043555,-95.50822974527976
790,790.0,547.8181081043555,-95.50822974527976
791,791.0,547.8881174076837,-95.84253807376
792,792.0,547.8181081043555,-95.7151972753115
793,793.0,547.8181081043555,-95.71519727531152
794,794.0,547.8181081043555,-95.38088894683129
795,795.0,547.8881174076837,-95.84253807376
796,796.0,547.8181081043555,-95.84253807376
797,797.0,547.8181081043555,-95.84253807376
798,798.0,547.6601846555251,-95.07119976019563
799,799.0,544.8372989331816,-109.91667216675593
800,800.0,547.8881174076837,-110.12367648884383
801,801.0,544.8372989331816,-125.40617888048827
802,802.0,547.8881174076837,-110.76771079601586
803,803.0,544.8372989331816,-125.40617888048827
804,804.0,547.8181081043555,-110.30602487703099
805,805.0,547.8181081043555,-109.84433895804612
806,806.0,547.8181081043555,-94.74418495458885
807,807.0,547.8366021195314,-95.2649834915618
808,808.0,547.761289106821,-94.55840880563177
809,809.0,547.761289106821,-91.3059861000879
810,810.0,550.7072483002617,-100.65585032377965
811,811.0,550.603333444942,-109.44981416566823
812,812.0,550.603333444942,-118.13131689796715
813,813.0,556.761528963534,-112.08430699240806
814,814.0,563.0070576763528,-131.84916387283678
815,815.0,566.222055953021,-137.90927498986852
816,816.0,569.2741752491462,-127.98328467472413
817,817.0,569.2226727573965,-126.13572565483906
818,818.0,572.4284346780012,-122.66016025011133
819,819.0,569.2721849391052,-153.68109522389048
820,820.0,572.4767511833188,-130.65142779792066
821,821.0,572.5403630896204,-123.28909086096432
822,822.0,572.5403630896204,-97.18702352116213
823,823.0,575.7416592148874,-72.76147207511544
824,824.0,578.9667753546488,-65.94382847499553
825,825.0,575.8036527482345,-78.28633551702836
826,826.0,575.9408678966206,-111.22160023127022
827,827.0,579.1631256058025,-146.486452202248
828,828.0,575.8878508329659,-144.96873275969597
829,829.0,575.8878508329659,-141.66926251536339
830,830.0,579.2919301987253,-139.63989212497427
831,831.0,579.2436081173918,-156.64799293415084
832,832.0,579.1953300555597,-137.1467465556195
833,833.0,579.2436081173918,-135.64743712971756
834,834.0,579.2158117680418,-131.50199440076275
835,835.0,579.2158117680418,-164.24232990961028
836,836.0,579.2919301987253,-159.3966064711335
837,837.0,579.2436081173918,-157.06444184453207
838,838.0,579.2436081173918,-155.27210071389706
839,839.0,579.2919301987253,-153.92209372147605
840,840.0,579.2436081173918,-151.62794111638323
841,841.0,579.2919301987253,-150.02001043565767
842,842.0,579.2919301987253,-147.8599992477841
843,843.0,579.2919301987253,-146.65641356676736
844,844.0,579.2158117680418,-144.11875277901575
845,845.0,579.2919301987253,-142.09374229038426
846,846.0,579.2919301987253,-140.47373389947904
847,847.0,579.2919301987253,-139.50137650693603
848,848.0,579.2919301987253,-138.55637161224132
849,849.0,582.6360186317767,-158.28669143526744
850,850.0,582.6360186317767,-178.00064391154328
851,851.0,582.5624301494078,-157.6780322754845
852,852.0,582.6360186317767,-154.89618155689104
853,853.0,582.5360543093699,-112.6794427222843
854,854.0,585.9411800476163,-129.90430997415083
855,855.0,585.9411800476163,-109.04809229007344
856,856.0,585.9411800476163,-128.1831328657279
857,857.0,585.9911997276917,-128.61467718592243
858,858.0,585.9911997276917,-129.04622150611695
859,859.0,585.9689261109389,-129.6565094538303
860,860.0,585.9911997276917,-129.6565094538303
861,861.0,585.9411800476163,-129.22496513363578
862,862.0,585.9411800476163,-128.61467718592243
863,863.0,582.584538208872,-108.64293281251713
864,864.0,585.9411800476163,-108.64293281251712
865,865.0,585.9911997276917,-109.07447713271165
866,866.0,585.9911997276917,-129.04622150611695
867,867.0,585.9911997276917,-129.4777658263115
868,868.0,582.584538208872,-109.50602145290618
869,869.0,585.9911997276917,-109.50602145290618
870,870.0,585.9911997276917,-109.50602145290618
871,871.0,585.9911997276917,-129.4777658263115
872,872.0,585.9411800476163,-129.04622150611695
873,873.0,585.9911997276917,-129.04622150611695
874,874.0,585.9411800476163,-128.61467718592243
875,875.0,585.9911997276917,-129.04622150611695
876,876.0,585.9911997276917,-129.04622150611695
877,877.0,585.9911997276917,-129.4777658263115
878,878.0,585.9911997276917,-129.4777658263115
879,879.0,585.9911997276917,-129.4777658263115
880,880.0,579.2919301987253,-128.09394491304616
881,881.0,585.9911997276917,-128.09394491304616
882,882.0,579.2919301987253,-126.71012399978083
883,883.0,579.2919301987253,-126.71012399978083
884,884.0,579.2919301987253,-125.32630308651551
885,885.0,585.9911997276917,-126.71012399978083
886,886.0,585.9911997276917,-128.09394491304616
887,887.0,579.2436081173918,-127.68055496323835
888,888.0,579.2919301987253,-126.29673404997301
889,889.0,579.2919301987253,-124.91291313670769
890,890.0,579.2919301987253,-125.32630308651551
891,891.0,579.2919301987253,-125.32630308651551
892,892.0,582.584538208872,-106.73837962637553
893,893.0,585.9911997276917,-108.12220053964086
894,894.0,585.9911997276917,-109.50602145290618
895,895.0,579.2436081173918,-127.68055496323835
896,896.0,585.9911997276917,-127.68055496323835
897,897.0,585.9911997276917,-127.68055496323835
