,t,x,y
0,0.0,599.6089406179732,-191.25220372901583
1,1.0,599.6805022426776,-190.80540853617845
2,2.0,599.6805022426776,-190.79646208793983
3,3.0,599.6805022426776,-190.63858390875544
4,4.0,596.2216150652658,-212.44290712243432
5,5.0,596.2216150652658,-234.10724505340605
6,6.0,596.2216150652658,-255.77158298437772
7,7.0,596.2216150652658,-255.77158298437772
8,8.0,596.2216150652658,-255.77158298437772
9,9.0,596.2216150652658,-255.77158298437772
10,10.0,596.2216150652658,-255.77158298437772
11,11.0,596.2216150652658,-255.77158298437772
12,12.0,596.2216150652658,-255.77158298437772
13,13.0,596.2216150652658,-255.77158298437772
14,14.0,596.0902354058643,-254.6647992922643
15,15.0,596.0902354058643,-253.55801560015084
16,16.0,599.5485785077877,-230.87440891082858
17,17.0,596.2216150652658,-231.98119260294206
18,18.0,603.1794412260288,-234.60022812772897
19,19.0,599.7768207166638,-237.35147871902277
20,20.0,592.6712877076711,-215.36360591711943
21,21.0,599.6089406179732,-194.02505884627632
22,22.0,596.1519677393346,-215.84255709412068
23,23.0,599.6089406179732,-218.00413465785428
24,24.0,599.6089406179732,-218.00413465785428
25,25.0,599.7121989527412,-197.04658729356728
26,26.0,596.1519677393346,-218.75802468155288
27,27.0,603.3155904028267,-243.00102938992134
28,28.0,599.6805022426776,-242.6488611967358
29,29.0,599.6805022426776,-224.69879242423585
30,30.0,599.6805022426776,-204.4971268967674
31,31.0,596.317510078462,-230.74188547347194
32,32.0,592.4681297554445,-237.93697400796475
33,33.0,589.1896386445883,-230.61724371566925
34,34.0,585.82263200015,-220.50306235109954
35,35.0,592.2998555851021,-223.25938317936448
36,36.0,589.2238478574642,-263.8359992741453
37,37.0,585.7558516549508,-261.51031182573917
38,38.0,589.0904398989568,-284.1538331335413
39,39.0,585.6264012655554,-267.2086620149581
40,40.0,575.7395775494347,-262.4361326541971
41,41.0,572.3587819326441,-216.32115773457488
42,42.0,575.7395775494347,-205.40218610325346
43,43.0,572.3829059411192,-187.39629749389258
44,44.0,575.6451665094438,-207.160876777937
45,45.0,575.6181337366587,-206.4643318128578
46,46.0,572.3587819326441,-205.1464482810301
47,47.0,572.4767511833188,-186.01785323139555
48,48.0,572.3587819326441,-167.52164032941732
49,49.0,572.4767511833188,-168.28863883795827
50,50.0,572.3587819326441,-167.5216403294173
51,51.0,572.3587819326441,-167.39062605528622
52,52.0,575.6181337366587,-185.11860135840251
53,53.0,572.3587819326441,-185.11860135840251
54,54.0,572.3587819326441,-185.11860135840251
55,55.0,572.3587819326441,-166.62362754674524
56,56.0,572.4767511833188,-167.39062605528622
57,57.0,575.7395775494347,-186.71439819647478
58,58.0,572.3587819326441,-186.71439819647478
59,59.0,575.6181337366587,-204.44237349959107
60,60.0,575.6181337366587,-203.61357517005976
61,61.0,575.5175890341336,-222.54524907546863
62,62.0,572.258905264822,-204.46786409645327
63,63.0,575.5175890341336,-204.90456419020492
64,64.0,572.3587819326441,-186.1039045589271
65,65.0,575.6451665094438,-205.5819092844608
66,66.0,575.6451665094438,-206.54582893722747
67,67.0,575.6451665094438,-226.3104082212719
68,68.0,575.6451665094438,-226.3104082212719
69,69.0,575.6451665094438,-226.3104082212719
70,70.0,575.5175890341336,-225.61100170820222
71,71.0,575.6451665094438,-225.61100170820222
72,72.0,575.5175890341336,-224.9115951951325
73,73.0,575.6451665094438,-225.61100170820222
74,74.0,572.258905264822,-206.39496850107716
75,75.0,575.5175890341336,-206.39496850107716
76,76.0,575.5175890341336,-205.69556198800743
77,77.0,572.258905264822,-205.69556198800743
78,78.0,572.3829059411192,-187.81725847472924
79,79.0,575.6451665094438,-188.51666498779892
80,80.0,572.3829059411192,-189.1549881685761
81,81.0,575.6451665094438,-207.73269819492398
82,82.0,572.3829059411192,-189.1549881685761
83,83.0,575.6451665094438,-207.73269819492398
84,84.0,572.258905264822,-188.51666498779892
85,85.0,575.6451665094438,-207.09437501414683
86,86.0,575.6451665094438,-207.09437501414683
87,87.0,575.6451665094438,-226.3104082212719
88,88.0,575.6451665094438,-226.3104082212719
89,89.0,575.6451665094438,-226.3104082212719
90,90.0,572.3829059411192,-207.73269819492398
91,91.0,572.3587819326441,-187.96811891087955
92,92.0,578.9695277455268,-208.2351497857703
93,93.0,572.258905264822,-207.5968266049931
94,94.0,572.258905264822,-208.14537268191248
95,95.0,575.6451665094438,-187.87834180702177
96,96.0,569.0603170277469,-170.4319388906904
97,97.0,575.5175890341336,-188.94856558474578
98,98.0,575.6451665094438,-188.94856558474578
99,99.0,572.3587819326441,-205.84642242415774
100,100.0,572.3829059411192,-187.96811891087955
101,101.0,578.6749829640097,-205.88201513388205
102,102.0,575.6181337366587,-223.18794775579133
103,103.0,575.3590393325115,-235.1314259170164
104,104.0,578.8382233068747,-230.89935299990353
105,105.0,582.124497554829,-227.22781166285256
106,106.0,588.9909720421248,-222.6510620649865
107,107.0,589.2238478574642,-236.2615600920145
108,108.0,585.7558516549508,-246.5924560349747
109,109.0,589.0904398989568,-284.1538331335413
110,110.0,589.2238478574642,-284.15383313354135
111,111.0,589.2238478574642,-307.2454465226849
112,112.0,589.2238478574642,-308.18737222002477
113,113.0,585.7558516549508,-285.2323078765476
114,114.0,588.9909720421248,-241.8562272281091
115,115.0,588.9909720421248,-198.48014657967056
116,116.0,592.4681297554445,-195.36967561907008
117,117.0,592.1848053152721,-210.15715532254043
118,118.0,592.4681297554445,-223.18609646229802
119,119.0,595.799425230534,-198.32282822992832
120,120.0,599.4700867244895,-192.78645449995273
121,121.0,599.6089406179732,-189.0556843430154
122,122.0,599.6089406179732,-205.0664959570357
123,123.0,599.6089406179732,-204.27347870955234
124,124.0,599.6805022426776,-202.8547380493702
125,125.0,599.6805022426776,-202.2760796459969
126,126.0,599.6805022426776,-201.6974212426236
127,127.0,596.2216150652658,-223.4351357663716
128,128.0,599.6805022426776,-223.4351357663716
129,129.0,599.6805022426776,-223.4351357663716
130,130.0,592.6712877076711,-199.94597731971564
131,131.0,599.6805022426776,-199.94597731971564
132,132.0,595.910854554345,-177.15643736155948
133,133.0,599.6089406179732,-177.38633404581876
134,134.0,603.2434717665019,-200.30749427021237
135,135.0,592.3597473982471,-218.26327900790383
136,136.0,603.2434717665019,-240.9673192657959
137,137.0,603.2434717665019,-239.08376312688316
138,138.0,603.2434717665019,-252.78445199677708
139,139.0,606.9514766592674,-267.9720583648685
140,140.0,606.9514766592674,-281.1714816230163
141,141.0,603.4149683507591,-279.07684886956116
142,142.0,606.8560042465475,-226.38963465079397
143,143.0,603.3155904028267,-198.08369834258465
144,144.0,603.3155904028267,-197.24248848202998
145,145.0,606.7818798709521,-197.55530089741117
146,146.0,603.1002692421567,-196.16062451064923
147,147.0,603.5373254966757,-245.2800083543615
148,148.0,603.4665770836358,-316.6185815349463
149,149.0,610.6819643429118,-313.8543191918973
150,150.0,607.1267428702109,-285.42041997389725
151,151.0,610.6819643429118,-231.858301514972
152,152.0,603.3155904028267,-223.2724171452037
153,153.0,606.8888914931716,-167.6605561430803
154,154.0,603.5373254966757,-209.07794364093965
155,155.0,606.8560042465475,-182.27634645553442
156,156.0,603.4149683507591,-199.33875815632734
157,157.0,603.4149683507591,-144.21634471266077
158,158.0,603.4149683507591,-165.89880032202709
159,159.0,603.4149683507591,-165.89880032202709
160,160.0,603.4149683507591,-165.89880032202709
161,161.0,599.8428502972637,-187.88326912870556
162,162.0,603.3155904028267,-185.18172380272986
163,163.0,607.1267428702109,-210.15634018160222
164,164.0,607.0241656301473,-212.33558398652943
165,165.0,603.4149683507591,-213.29711307658204
166,166.0,607.1267428702109,-213.29711307658204
167,167.0,607.0241656301473,-213.29711307658204
168,168.0,607.1267428702109,-240.46932432921312
169,169.0,607.1267428702109,-240.92690296704882
170,170.0,603.5373254966757,-265.1537217291382
171,171.0,606.9514766592674,-259.38038943876796
172,172.0,607.1267428702109,-252.97428850906866
173,173.0,603.5373254966757,-245.60127481338566
174,174.0,603.5373254966757,-266.6393639522043
175,175.0,603.639458830903,-289.4135413918685
176,176.0,603.639458830903,-290.1962952405293
177,177.0,603.639458830903,-291.29961490204585
178,178.0,607.1581917906942,-264.3340567045644
179,179.0,603.3537932007667,-210.3591256367648
180,180.0,606.9514766592674,-180.59960239462217
181,181.0,607.1267428702109,-177.164672521845
182,182.0,603.3155904028267,-172.58951582041425
183,183.0,603.5373254966757,-194.9946860503525
184,184.0,603.5373254966757,-216.11742623127213
185,185.0,603.6701334620954,-266.06407580593054
186,186.0,603.639458830903,-264.2600774730706
187,187.0,603.5373254966757,-261.3749851573686
188,188.0,603.639458830903,-257.445942563958
189,189.0,603.6701334620954,-253.34280807671192
190,190.0,603.639458830903,-251.84845767946422
191,191.0,600.2479612607129,-279.2038236092185
192,192.0,600.2479612607129,-307.28819458330037
193,193.0,600.2479612607129,-335.76827032736077
194,194.0,600.2479612607129,-335.76827032736077
195,195.0,600.2479612607129,-333.00485573174666
196,196.0,600.2479612607129,-329.20516066277725
197,197.0,600.2180329757417,-325.6923789235279
198,198.0,600.3048561906662,-323.0578391032269
199,199.0,593.2192071337382,-312.0709000080899
200,200.0,596.618915144865,-272.25839414535153
201,201.0,596.618915144865,-234.33106095927883
202,202.0,596.618915144865,-205.79240752139742
203,203.0,596.5638575143684,-202.96506169068164
204,204.0,596.5638575143684,-199.19286718912176
205,205.0,596.618915144865,-196.03911707657448
206,206.0,596.5638575143684,-194.14941973488635
207,207.0,596.5638575143684,-193.20457106404228
208,208.0,593.2740873222452,-219.91078066784704
209,209.0,596.5638575143684,-219.91078066784704
210,210.0,596.5638575143684,-219.91078066784704
211,211.0,596.618915144865,-192.25844603027807
212,212.0,596.618915144865,-192.87561405637055
213,213.0,596.618915144865,-193.49278208246304
214,214.0,596.618915144865,-193.49278208246304
215,215.0,596.5638575143684,-192.87561405637055
216,216.0,596.5638575143684,-192.25844603027812
217,217.0,593.1902942434921,-216.3987044945186
218,218.0,593.2740873222452,-240.4484305558441
219,219.0,589.6747692809091,-233.37278068225078
220,220.0,589.6216402817046,-200.96416855401648
221,221.0,589.5930162366041,-169.32634656696962
222,222.0,589.5930162366041,-166.65035576369374
223,223.0,589.6216402817046,-164.3328813379625
224,224.0,593.2740873222452,-193.2700462995144
225,225.0,586.351899009002,-216.27501763883
226,226.0,589.9363046309653,-276.1767746757267
227,227.0,589.9363046309653,-303.09471812232397
228,228.0,586.6857634781605,-380.9817631310862
229,229.0,586.351899009002,-338.21388641871334
230,230.0,586.351899009002,-297.11209419717676
231,231.0,586.3499068854721,-211.5432068152833
232,232.0,586.3499068854721,-209.9494748437072
233,233.0,586.3499068854721,-208.35574287213112
234,234.0,583.1946490672727,-235.9351302469356
235,235.0,583.1418550304215,-262.6875644687272
236,236.0,583.1418550304215,-289.43999869051873
237,237.0,583.1418550304215,-288.61304553750574
238,238.0,583.1418550304215,-288.61304553750574
239,239.0,583.1418550304215,-286.2798562758509
240,240.0,583.1418550304215,-283.946667014196
241,241.0,583.1418550304215,-281.61347775254114
242,242.0,579.64051853599,-247.69512575153226
243,243.0,583.1145693590275,-245.2898505580158
244,244.0,579.6135024740411,-208.21861923286033
245,245.0,576.5316702770986,-232.77692695451552
246,246.0,576.5518958329355,-225.2156014605965
247,247.0,576.5518958329355,-252.3202320983164
248,248.0,576.5518958329355,-251.71367569023468
249,249.0,576.500926307645,-250.97095963010761
250,250.0,576.500926307645,-250.22824356998058
251,251.0,576.500926307645,-249.48552750985354
252,252.0,576.5518958329355,-250.22824356998058
253,253.0,576.474538884656,-247.52853433362927
254,254.0,576.500926307645,-243.51887238531307
255,255.0,579.9897630388436,-282.55138877753774
256,256.0,580.0423952575264,-326.1528434199797
257,257.0,580.0423952575264,-371.0642507743865
258,258.0,576.500926307645,-327.2793563737186
259,259.0,576.474538884656,-282.631371864002
260,260.0,579.9631120603531,-281.8855912450224
261,261.0,573.0536664181051,-251.3123921749376
262,262.0,576.500926307645,-251.0489693302474
263,263.0,579.9631120603531,-251.0489693302474
264,264.0,573.0536664181051,-251.04896933024736
265,265.0,573.0797961705225,-220.26336370570107
266,266.0,576.500926307645,-176.09773697027381
267,267.0,576.500926307645,-206.6709360403586
268,268.0,579.9897630388436,-281.2414360655728
269,269.0,579.9631120603531,-325.610408566451
270,270.0,572.9653699187483,-294.3259295621286
271,271.0,579.8691931100891,-293.1426186827002
272,272.0,579.9021067855516,-291.1807111396752
273,273.0,576.500926307645,-322.8138564003729
274,274.0,573.0797961705225,-249.74153587970864
275,275.0,579.9897630388436,-251.5256946916712
276,276.0,580.0423952575264,-297.3117404484371
277,277.0,576.5518958329355,-331.13717269388
278,278.0,576.5518958329355,-290.30064417008236
279,279.0,576.5518958329355,-247.52062740295935
280,280.0,579.64051853599,-221.74912308815362
281,281.0,583.1418550304215,-231.31864556751052
282,282.0,583.1418550304215,-243.22135730852224
283,283.0,583.1418550304215,-280.89557336433967
284,284.0,583.1418550304215,-283.22876262599453
285,285.0,583.1946490672727,-288.0093104330013
286,286.0,583.1418550304215,-292.1372606651599
287,287.0,583.1946490672727,-297.0977112791242
288,288.0,589.9942279250096,-311.0991235084087
289,289.0,596.618915144865,-276.4284297392301
290,290.0,596.5638575143684,-240.4663932492408
291,291.0,596.5638575143684,-190.68284733692454
292,292.0,596.5638575143684,-190.22400499791948
293,293.0,596.5638575143684,-190.22400499791948
294,294.0,596.5342318573961,-190.45363048356762
295,295.0,596.5342318573961,-190.68325596921576
296,296.0,596.5342318573961,-190.91288145486388
297,297.0,596.5638575143684,-190.68325596921576
298,298.0,596.5342318573961,-190.68325596921576
299,299.0,596.618915144865,-191.22784783382744
300,300.0,596.618915144865,-193.57894024036082
301,301.0,596.5638575143684,-195.08153731792686
302,302.0,596.618915144865,-196.65841237420048
303,303.0,596.618915144865,-196.65841237420048
304,304.0,596.618915144865,-197.27728221751977
305,305.0,596.618915144865,-197.27728221751977
306,306.0,596.618915144865,-197.59265722877453
307,307.0,596.6097923189672,-198.9150354211638
308,308.0,596.5961213157483,-200.4035814964627
309,309.0,596.5342318573961,-201.1171399322012
310,310.0,596.618915144865,-202.00238681859503
311,311.0,596.618915144865,-203.98296586709816
312,312.0,596.618915144865,-206.42315754390688
313,313.0,596.618915144865,-207.84234509455317
314,314.0,596.618915144865,-207.84234509455317
315,315.0,596.618915144865,-208.00003260018056
316,316.0,596.618915144865,-207.84234509455317
317,317.0,596.5961213157483,-208.07008591249817
318,318.0,596.618915144865,-207.9123984068708
319,319.0,596.618915144865,-207.9123984068708
320,320.0,596.618915144865,-207.6846575889258
321,321.0,596.618915144865,-207.6846575889258
322,322.0,596.5961213157483,-207.9123984068708
323,323.0,596.5961213157483,-208.1401392248158
324,324.0,596.618915144865,-208.29782673044318
325,325.0,596.618915144865,-208.22777341812557
326,326.0,596.618915144865,-208.1577201058079
327,327.0,600.2180329757417,-244.93546816282574
328,328.0,600.2479612607129,-283.67262316770734
329,329.0,603.6701334620954,-297.1613682734616
330,330.0,600.2180329757417,-305.28268004626403
331,331.0,603.6701334620954,-280.67675947647996
332,332.0,603.639458830903,-281.5661343617466
333,333.0,603.6701334620954,-250.7983089670237
334,334.0,600.2180329757417,-281.5661343617466
335,335.0,603.639458830903,-281.5661343617466
336,336.0,603.6701334620954,-281.5661343617466
337,337.0,603.6701334620954,-250.7983089670237
338,338.0,603.639458830903,-250.7983089670237
339,339.0,603.7036164052715,-251.72228541737854
340,340.0,603.639458830903,-251.969170973302
341,341.0,603.7036164052715,-252.6462618677334
342,342.0,603.639458830903,-251.969170973302
343,343.0,603.575071248367,-250.96944580185973
344,344.0,603.6701334620954,-250.20609168384067
345,345.0,603.6701334620954,-250.28045079258882
346,346.0,599.972159515918,-239.04359472405417
347,347.0,603.4461000282004,-203.79145042193423
348,348.0,599.972159515918,-191.4805100732092
349,349.0,599.972159515918,-191.4805100732092
350,350.0,599.972159515918,-214.5823363589399
351,351.0,599.8801625162846,-213.8310142387634
352,352.0,599.972159515918,-218.93078858366994
353,353.0,606.8560042465475,-178.4682920587776
354,354.0,606.9514766592674,-187.22150022473866
355,355.0,606.9558261003164,-141.00058872078714
356,356.0,599.8428502972637,-184.52381149374375
357,357.0,603.3155904028267,-156.4339144945659
358,358.0,603.4149683507591,-178.282177895108
359,359.0,603.4149683507591,-155.94857788854074
360,360.0,607.0241656301473,-184.88598656501281
361,361.0,607.1267428702109,-213.97331484503374
362,362.0,607.1267428702109,-243.06064312505467
363,363.0,607.1267428702109,-244.02569992349382
364,364.0,607.0241656301473,-243.06064312505467
365,365.0,607.1267428702109,-243.06064312505467
366,366.0,603.639458830903,-270.3870585888637
367,367.0,607.1267428702109,-271.35211538730283
368,368.0,606.9514766592674,-270.4537206445863
369,369.0,603.4149683507591,-215.48999043069227
370,370.0,607.0241656301473,-213.61140317514239
371,371.0,607.0241656301473,-212.63121066230894
372,372.0,599.9417947125257,-236.07146647023683
373,373.0,610.8086745665473,-268.61535922343666
374,374.0,603.3155904028267,-242.32941142674522
375,375.0,603.3155904028267,-218.36193531666117
376,376.0,606.8560042465475,-137.7032560581441
377,377.0,606.8560042465475,-115.87441734951823
378,378.0,606.8560042465475,-94.04557864089236
379,379.0,606.8560042465475,-94.04557864089236
380,380.0,603.3155904028267,-115.87441734951823
381,381.0,603.3155904028267,-137.7032560581441
382,382.0,603.3155904028267,-159.53209476676994
383,383.0,603.5373254966757,-213.2505194541086
384,384.0,607.1267428702109,-240.80494965590233
385,385.0,607.1267428702109,-268.35937985769607
386,386.0,607.0241656301473,-241.23141311941905
387,387.0,607.0241656301473,-247.88019467594327
388,388.0,610.578932511679,-230.28092126529393
389,389.0,610.578932511679,-213.64562010737666
390,390.0,610.6819643429118,-190.26806312473732
391,391.0,610.6819643429118,-196.72859174156994
392,392.0,610.6819643429118,-203.18912035840253
393,393.0,603.4149683507591,-206.37581171328384
394,394.0,607.0241656301473,-230.5580512634002
395,395.0,610.578932511679,-229.97427025665684
396,396.0,603.4149683507591,-229.97427025665684
397,397.0,603.3537932007667,-208.8665407735757
398,398.0,603.4149683507591,-213.57204338761355
399,399.0,603.4149683507591,-220.09710427232503
400,400.0,603.3155904028267,-220.30345358757185
401,401.0,603.3155904028267,-219.6074188977818
402,402.0,603.4149683507591,-219.60741889778183
403,403.0,603.4149683507591,-223.05830547667892
404,404.0,603.4149683507591,-226.36436452035355
405,405.0,606.9558261003164,-206.61181268535668
406,406.0,603.4149683507591,-211.6868600401323
407,407.0,603.3155904028267,-216.20148789847224
408,408.0,603.3155904028267,-243.07869194569366
409,409.0,603.3155904028267,-245.41482315370786
410,410.0,603.3155904028267,-249.18033906949267
411,411.0,599.7768207166638,-229.743172082221
412,412.0,599.6805022426776,-207.22030381915042
413,413.0,599.5485785077877,-182.9515055313597
414,414.0,599.6805022426776,-183.74225193896098
415,415.0,599.6805022426776,-186.4019723103976
416,416.0,596.1519677393346,-212.20812262144105
417,417.0,596.3475722538551,-238.0320320310956
418,418.0,599.7768207166638,-244.10708527117245
419,419.0,592.6712877076711,-227.1780807605835
420,420.0,592.6712877076711,-208.37445535904786
421,421.0,592.6712877076711,-207.63986273460355
422,422.0,592.6712877076711,-207.63986273460355
423,423.0,592.6712877076711,-207.63986273460355
424,424.0,592.6712877076711,-207.63986273460355
425,425.0,596.1519677393346,-231.7120414534185
426,426.0,592.6712877076711,-233.64728621452784
427,427.0,592.6021718945013,-236.14170124632105
428,428.0,592.6021718945013,-214.56393755929926
429,429.0,592.6021718945013,-215.12310782998313
430,430.0,592.6712877076711,-216.22271878310724
431,431.0,592.6712877076711,-218.42818388543665
432,432.0,596.2216150652658,-244.8303469452873
433,433.0,592.6712877076711,-246.3508964004446
434,434.0,596.317510078462,-274.23699485043056
435,435.0,592.5439378297789,-252.92340574960426
436,436.0,589.06614593591,-234.1681386255008
437,437.0,585.6264012655554,-213.37823941850942
438,438.0,585.6264012655554,-217.59132980480913
439,439.0,585.7558516549508,-243.9775783711638
440,440.0,585.6264012655554,-243.9775783711638
441,441.0,585.6264012655554,-247.66083042787466
442,442.0,585.7558516549508,-252.16694893486624
443,443.0,585.6996467480737,-258.1749118458342
444,444.0,579.0645174930372,-263.045956087445
445,445.0,579.0645174930372,-267.7632918092983
446,446.0,579.0645174930372,-271.928260632384
447,447.0,578.9394512791802,-272.6304790450877
448,448.0,579.08254969072,-234.9611076045933
449,449.0,579.0167500307871,-197.92614905021773
450,450.0,578.8947275104916,-161.14058635964722
451,451.0,579.0167500307871,-161.77499924576594
452,452.0,575.6181337366587,-179.01877481563307
453,453.0,572.4020740704515,-217.01196278574562
454,454.0,575.7395775494347,-236.93567717566702
455,455.0,572.5229520854363,-257.8959195962403
456,456.0,572.4020740704515,-258.0290702663009
457,457.0,575.7395775494347,-260.27852952877214
458,458.0,572.4767511833188,-227.24918175469142
459,459.0,572.4767511833188,-195.226604286672
460,460.0,572.4767511833188,-178.4901706472101
461,461.0,572.4767511833188,-180.3246592232072
462,462.0,569.2721849391052,-201.1807013689967
463,463.0,569.0575357986006,-221.916134948892
464,464.0,569.0575357986006,-241.07914974936122
465,465.0,566.0347365939045,-224.59313725960249
466,466.0,565.9673738115197,-209.21311454918714
467,467.0,565.9673738115197,-193.8330918387718
468,468.0,562.7421449437807,-180.3900473226619
469,469.0,565.8707794929702,-182.85756861291827
470,470.0,565.9907069008894,-186.06541366027508
471,471.0,565.7217862325375,-202.16224194463234
472,472.0,565.7217862325375,-201.36312320917423
473,473.0,565.8707794929702,-200.62279945207376
474,474.0,565.8707794929702,-201.4219181875319
475,475.0,565.8707794929702,-202.22103692299004
476,476.0,562.7421449437807,-185.32508990317464
477,477.0,562.7421449437807,-168.42914288335922
478,478.0,565.8707794929702,-168.42914288335922
479,479.0,559.6222949552646,-184.60674724888156
480,480.0,559.6222949552646,-200.7843516144039
481,481.0,556.6541954712114,-183.21449145198258
482,482.0,562.7394843365307,-200.37523531621596
483,483.0,565.8707794929702,-198.76199266801754
484,484.0,569.0575357986006,-231.99028113702238
485,485.0,568.904239269392,-230.20033527024478
486,486.0,569.0575357986006,-247.27503991717833
487,487.0,569.0575357986006,-246.35973095503678
488,488.0,569.0575357986006,-246.45039495631616
489,489.0,565.8707794929702,-228.46896269174704
490,490.0,565.9907069008894,-211.22722527623228
491,491.0,569.0575357986006,-211.22722527623228
492,492.0,572.3041877126705,-244.43924183529046
493,493.0,572.3829059411192,-239.14118673442476
494,494.0,572.3587819326441,-214.7595069247966
495,495.0,575.6451665094438,-194.8005415732323
496,496.0,575.5175890341336,-208.8695461060738
497,497.0,575.6181337366587,-223.28573015517273
498,498.0,575.6181337366587,-218.04861545171866
499,499.0,581.7645141868385,-210.08026593434602
500,500.0,588.9909720421248,-201.44467661846443
501,501.0,588.9909720421248,-191.86160272014604
502,502.0,585.6264012655554,-208.1148927241587
503,503.0,585.7064460525883,-184.5718798554029
504,504.0,589.1643050919544,-222.89576285599335
505,505.0,585.7558516549508,-220.1593422479857
506,506.0,589.1210421419997,-239.86026615097828
507,507.0,585.7558516549508,-218.16268470432885
508,508.0,588.9909720421248,-197.7464448206407
509,509.0,588.9909720421248,-196.85111087422
510,510.0,589.0904398989568,-217.01864041941622
511,511.0,585.7558516549508,-235.65974270944096
512,512.0,592.4681297554445,-252.68301022720652
513,513.0,592.5439378297789,-228.5648349782399
514,514.0,592.4681297554445,-226.67076767665142
515,515.0,592.6021718945013,-227.38259052991052
516,516.0,599.6089406179732,-225.37703950665392
517,517.0,599.5485785077877,-221.6214326703705
518,518.0,595.910854554345,-195.40702362081961
519,519.0,599.6805022426776,-194.9672418564767
520,520.0,596.1165633180663,-173.87507305576477
521,521.0,595.9886819274126,-173.4615426749664
522,522.0,595.9886819274126,-149.0418082041166
523,523.0,596.0902354058643,-190.32361353507795
524,524.0,599.7121989527412,-212.8953076559502
525,525.0,596.1519677393346,-258.05435033631636
526,526.0,599.6089406179732,-237.7931780064257
527,527.0,599.7121989527412,-237.7931780064257
528,528.0,596.2216150652658,-237.3335893335903
529,529.0,599.6089406179732,-237.3335893335903
530,530.0,599.7121989527412,-237.3335893335903
531,531.0,599.6089406179732,-215.9535007571028
532,532.0,596.2216150652658,-237.3335893335903
533,533.0,599.6805022426776,-236.1351675545818
534,534.0,599.6089406179732,-236.1351675545818
535,535.0,596.1165633180663,-192.3640390720459
536,536.0,599.6805022426776,-192.3640390720459
537,537.0,599.6805022426776,-191.92457000207335
538,538.0,599.6805022426776,-213.87614083814924
539,539.0,599.6805022426776,-213.87614083814924
540,540.0,599.6805022426776,-213.87614083814924
541,541.0,596.0455457688503,-192.33978667625615
542,542.0,599.5485785077877,-191.31254751639327
543,543.0,599.6089406179732,-191.75201658636578
544,544.0,599.5485785077877,-212.54081232102814
545,545.0,599.6089406179732,-214.2875479697998
546,546.0,599.6805022426776,-214.12804946524167
547,547.0,599.6089406179732,-215.73511809084934
548,548.0,592.6021718945013,-214.6017324502496
549,549.0,592.6021718945013,-213.90787273314427
550,550.0,592.6021718945013,-212.6344733830764
551,551.0,592.6021718945013,-213.46401819871198
552,552.0,592.6021718945013,-215.67613770707354
553,553.0,592.6021718945013,-217.88825721543503
554,554.0,592.4681297554445,-218.2863066407721
555,555.0,592.6021718945013,-218.2863066407721
556,556.0,596.0137782560815,-240.9263219978731
557,557.0,592.6021718945013,-241.91084726526205
558,558.0,596.1519677393346,-265.6776233636708
559,559.0,596.1519677393346,-266.8043841049785
560,560.0,592.6712877076711,-266.5214203653767
561,561.0,592.4681297554445,-244.11809549887755
562,562.0,588.9909720421248,-201.33524284907517
563,563.0,592.6021718945013,-204.79812838194675
564,564.0,588.9909720421248,-184.41860059864348
565,565.0,596.0455457688503,-175.44064208526
566,566.0,596.1519677393346,-187.88427779302148
567,567.0,592.6021718945013,-199.01967859587708
568,568.0,596.0455457688503,-199.01967859587714
569,569.0,596.2216150652658,-198.56199476665265
570,570.0,596.0902354058643,-220.49712806499016
571,571.0,596.0902354058643,-262.54562067956687
572,572.0,596.2216150652658,-262.54562067956687
573,573.0,599.6089406179732,-242.37193572115265
574,574.0,592.4681297554445,-219.4603258180808
575,575.0,596.1519677393346,-219.91800964730524
576,576.0,596.1519677393346,-241.66079455695112
577,577.0,592.6021718945013,-242.6372711616854
578,578.0,599.6089406179732,-220.89448625203963
579,579.0,596.0455457688503,-177.27689368623132
580,580.0,592.6712877076711,-176.8571631134288
581,581.0,592.5439378297789,-173.70134249693362
582,582.0,592.6712877076711,-193.25673947171967
583,583.0,596.1519677393346,-216.8949763257622
584,584.0,599.6089406179732,-219.77076952332118
585,585.0,596.1519677393346,-243.5472381460144
586,586.0,596.1519677393346,-243.5472381460144
587,587.0,596.1519677393346,-265.141460022103
588,588.0,596.0137782560815,-263.4575255725454
589,589.0,596.0137782560815,-261.77359112298797
590,590.0,596.0902354058643,-259.7775604195335
591,591.0,596.2216150652658,-260.2898857927285
592,592.0,599.6805022426776,-239.09836276191837
593,593.0,599.4700867244895,-216.79782472441937
594,594.0,599.6089406179732,-194.41217021744308
595,595.0,599.6805022426776,-192.45237625954238
596,596.0,599.6089406179732,-192.21443522557652
597,597.0,599.6805022426776,-189.53659454357512
598,598.0,603.2434717665019,-212.62003770805526
599,599.0,603.3155904028267,-233.9087258029216
600,600.0,599.6089406179732,-229.5858810115163
601,601.0,599.5485785077877,-196.2537049118258
602,602.0,599.6805022426776,-165.1481541309788
603,603.0,599.6805022426776,-161.21186724265985
604,604.0,603.3155904028267,-176.5416549717793
605,605.0,603.3155904028267,-190.55755659637217
606,606.0,603.2434717665019,-204.89908967980855
607,607.0,607.0241656301473,-229.39144806435465
608,608.0,606.9514766592674,-246.760773023942
609,609.0,603.5373254966757,-289.8690790397239
610,610.0,603.4149683507591,-254.757435278335
611,611.0,607.0241656301473,-250.27194520841098
612,612.0,607.1267428702109,-217.78971479154242
613,613.0,607.1267428702109,-238.33151712480583
614,614.0,607.0241656301473,-232.24131407740074
615,615.0,603.639458830903,-252.68912476732058
616,616.0,603.639458830903,-270.54987693139134
617,617.0,603.639458830903,-292.26365188573686
618,618.0,603.639458830903,-286.3187571529759
619,619.0,603.639458830903,-282.9446277100575
620,620.0,599.9417947125257,-249.83028924830182
621,621.0,599.9417947125257,-219.76873456823424
622,622.0,599.972159515918,-183.5137795702003
623,623.0,599.8801625162846,-176.1219306116336
624,624.0,599.8428502972637,-168.79552410681774
625,625.0,599.9417947125257,-166.15894454106828
626,626.0,599.9417947125257,-164.39946795468887
627,627.0,599.9417947125257,-162.42452718431352
628,628.0,599.9417947125257,-162.42452718431352
629,629.0,599.9417947125257,-162.42452718431352
630,630.0,599.9417947125257,-162.57454891455853
631,631.0,600.0039867988769,-162.97829611792002
632,632.0,600.2180329757417,-218.75189965716262
633,633.0,596.5342318573961,-240.0120118834756
634,634.0,600.2479612607129,-295.0942307921118
635,635.0,593.1902942434921,-280.00331891846554
636,636.0,593.2192071337382,-299.16062719990305
637,637.0,593.2192071337382,-279.0377099975016
638,638.0,593.2192071337382,-273.71806724150133
639,639.0,586.351899009002,-260.6855622506312
640,640.0,586.2292738161176,-249.9159858254778
641,641.0,586.3239560194639,-237.57523512917615
642,642.0,589.9363046309653,-271.10816977497507
643,643.0,583.1418550304215,-294.8091928949444
644,644.0,583.1418550304215,-320.081390286062
645,645.0,586.351899009002,-273.54951721532103
646,646.0,583.1418550304215,-269.2420908861121
647,647.0,583.1145693590275,-265.22548747838573
648,648.0,583.1418550304215,-294.82657966165056
649,649.0,583.1418550304215,-294.82657966165056
650,650.0,579.691646245324,-255.95134992711857
651,651.0,576.500926307645,-244.07260315772496
652,652.0,576.474538884656,-228.44921057915144
653,653.0,573.0797961705225,-220.05542436866008
654,654.0,573.0536664181051,-185.16928716538328
655,655.0,570.0083537946176,-176.35960611139055
656,656.0,573.4174007041843,-238.76544331989183
657,657.0,573.1091047352604,-234.43375405453116
658,658.0,573.3916205105899,-270.34007457116854
659,659.0,573.0797961705225,-199.74765310950917
660,660.0,573.4682155780798,-260.41898459838467
661,661.0,573.4174007041843,-257.54386486471725
662,662.0,570.4390022829906,-371.56648693723497
663,663.0,573.4682155780798,-371.5664869372351
664,664.0,570.4390022829906,-421.82620458265006
665,665.0,570.3883386259362,-420.2343356991192
666,666.0,570.3883386259362,-467.9255533605629
667,667.0,567.0402539782855,-410.1262294761146
668,668.0,570.3883386259362,-410.1262294761146
669,669.0,570.3883386259362,-410.1262294761146
670,670.0,570.3883386259362,-466.333684477032
671,671.0,570.3883386259362,-466.333684477032
672,672.0,567.0402539782855,-410.1262294761146
673,673.0,570.3883386259362,-410.1262294761146
674,674.0,570.3883386259362,-410.1262294761146
675,675.0,570.4390022829906,-467.9255533605629
676,676.0,573.4682155780798,-420.2343356991193
677,677.0,573.4682155780798,-372.5431180376756
678,678.0,573.4682155780798,-323.26003149270105
679,679.0,570.4390022829906,-372.5431180376756
680,680.0,573.3916205105899,-371.9029536985029
681,681.0,573.4714999984221,-373.7733370927588
682,682.0,570.0083537946176,-286.2419303579888
683,683.0,570.0575820469564,-249.3019060650338
684,684.0,570.0083537946176,-209.18320248098246
685,685.0,570.0083537946176,-209.18320248098246
686,686.0,569.9828255500473,-208.7592116643389
687,687.0,569.9828255500473,-209.0033524053631
688,688.0,570.0083537946176,-209.0033524053631
689,689.0,570.0083537946176,-208.7592116643389
690,690.0,570.0083537946176,-208.5150709233147
691,691.0,573.4174007041843,-247.7380505939715
692,692.0,570.0083537946176,-247.7380505939715
693,693.0,573.4174007041843,-286.96103026462833
694,694.0,573.4174007041843,-286.96103026462833
695,695.0,573.4174007041843,-326.18400993528513
696,696.0,570.0083537946176,-286.96103026462833
697,697.0,573.4174007041843,-286.96103026462833
698,698.0,570.0083537946176,-247.7380505939715
699,699.0,570.0083537946176,-247.7380505939715
700,700.0,570.0083537946176,-208.5150709233147
701,701.0,570.0083537946176,-208.5150709233147
702,702.0,569.9828255500473,-208.7592116643389
703,703.0,573.3916205105899,-248.32017749373054
704,704.0,570.0083537946176,-248.65941655824133
705,705.0,570.0083537946176,-248.7545148817279
706,706.0,570.0083537946176,-209.5327881168471
707,707.0,570.0083537946176,-209.5327881168471
708,708.0,570.0083537946176,-209.5327881168471
709,709.0,573.1212284438823,-188.02113847188195
710,710.0,576.500926307645,-199.4210538594865
711,711.0,576.474538884656,-213.8762006008111
712,712.0,580.0423952575264,-301.432453817301
713,713.0,579.64051853599,-282.0715444321133
714,714.0,583.1864950312541,-307.12065183985186
715,715.0,589.9910114541628,-290.80739722627214
716,716.0,589.9363046309653,-348.66150746031707
717,717.0,586.351899009002,-320.3957918542723
718,718.0,586.351899009002,-281.9029814393457
719,719.0,589.9363046309653,-284.1244274271275
720,720.0,593.2192071337382,-292.59619139294233
721,721.0,593.2192071337382,-301.0679553587572
722,722.0,589.6747692809091,-240.5546784860654
723,723.0,593.2192071337382,-243.92425955150165
724,724.0,593.2192071337382,-247.2938406169379
725,725.0,593.2192071337382,-278.7724388396557
726,726.0,593.2192071337382,-278.7724388396557
727,727.0,596.618915144865,-260.5955744530368
728,728.0,596.5638575143684,-248.08670591431803
729,729.0,600.2180329757417,-272.90340351631784
730,730.0,596.5638575143684,-280.7760462628541
731,731.0,600.2818807223101,-322.05554220718574
732,732.0,600.2180329757417,-325.1658318223015
733,733.0,600.2180329757417,-363.39704067949987
734,734.0,596.5638575143684,-328.2590610956546
735,735.0,603.639458830903,-299.52694148359905
736,736.0,603.5373254966757,-272.5886821755343
737,737.0,603.727214353411,-285.51082093469853
738,738.0,607.1267428702109,-271.53065655940145
739,739.0,607.1581917906942,-255.6818210385181
740,740.0,607.1267428702109,-234.4942638999612
741,741.0,607.1267428702109,-234.6467901125731
742,742.0,603.639458830903,-258.98482648883595
743,743.0,603.639458830903,-282.9348529802762
744,744.0,599.9417947125257,-276.53755773178113
745,745.0,603.5373254966757,-275.42137057208464
746,746.0,603.5373254966757,-274.4658562430033
747,747.0,603.5373254966757,-303.85766365385734
748,748.0,607.1267428702109,-295.20061547701596
749,749.0,596.2216150652658,-256.32272842413335
750,750.0,603.5373254966757,-276.037525914764
751,751.0,603.3155904028267,-257.87569880694923
752,752.0,599.6089406179732,-253.33785675388972
753,753.0,599.9417947125257,-239.7864019204745
754,754.0,596.2216150652658,-245.8639374900071
755,755.0,596.1519677393346,-271.1359376326654
756,756.0,596.2216150652658,-247.51582682543247
757,757.0,596.317510078462,-252.043180997351
758,758.0,596.1519677393346,-255.3290411331349
759,759.0,596.317510078462,-258.430419720047
760,760.0,596.2585038234967,-262.1291903496943
761,761.0,592.6712877076711,-242.01159172911238
762,762.0,592.4681297554445,-221.6621948563453
763,763.0,592.5439378297789,-199.19248362295116
764,764.0,592.6712877076711,-200.16010600350583
765,765.0,592.6712877076711,-201.6864379837551
766,766.0,592.6021718945013,-205.98711910190136
767,767.0,592.6021718945013,-210.41677889480385
768,768.0,592.5439378297789,-212.8912908846844
769,769.0,592.6712877076711,-214.54403451738662
770,770.0,592.6712877076711,-216.88773138836675
771,771.0,592.6712877076711,-220.91011252506746
772,772.0,592.4681297554445,-222.83322204185234
773,773.0,592.6712877076711,-223.66261265375633
774,774.0,592.4681297554445,-223.51201463280916
775,775.0,592.6021718945013,-225.0516878464081
776,776.0,592.6021718945013,-226.16458191097448
777,777.0,592.6021718945013,-227.70453753378936
778,778.0,592.4681297554445,-226.99356190817812
779,779.0,589.1210421419997,-211.654851701465
780,780.0,585.6264012655554,-215.03353358524484
781,781.0,588.9909720421248,-199.6510932975557
782,782.0,585.7558516549508,-219.04327716802126
783,783.0,589.1210421419997,-200.1904541716996
784,784.0,589.1210421419997,-201.08624391100338
785,785.0,588.9909720421248,-180.66283939540543
786,786.0,588.9909720421248,-179.76704965610165
787,787.0,592.3597473982471,-195.04801273887153
788,788.0,592.6021718945013,-211.0031711828993
789,789.0,596.0455457688503,-201.2721533245806
790,790.0,596.1519677393346,-218.75711349392375
791,791.0,599.7121989527412,-215.38841804218146
792,792.0,596.2216150652658,-258.3216722687058
793,793.0,596.2216150652658,-257.86219564549464
794,794.0,592.6712877076711,-254.86526692581106
795,795.0,596.2546819986143,-256.15069043086913
796,796.0,592.4681297554445,-232.1156624404447
797,797.0,592.4681297554445,-237.0798708675442
798,798.0,592.6021718945013,-219.2386567846713
799,799.0,589.1896386445883,-205.1515665326975
800,800.0,582.3246709852857,-235.51563126716374
801,801.0,582.4535157238973,-264.8235116693932
802,802.0,582.4535157238973,-315.8367305959255
803,803.0,578.9394512791802,-293.87960643648427
804,804.0,582.5492826807719,-295.75760082886296
805,805.0,575.688352279807,-255.51168260479793
806,806.0,582.3541643356574,-242.50280928444568
807,807.0,578.9394512791802,-223.42594633730968
808,808.0,575.6125856804332,-266.8191431368093
809,809.0,578.9394512791802,-285.8923152092811
810,810.0,578.9394512791802,-286.1618395982642
811,811.0,575.7111400729171,-285.66646395132176
812,812.0,575.6125856804332,-305.88209755225006
813,813.0,575.6125856804332,-326.0977311531784
814,814.0,579.0645174930372,-307.0226285477654
815,815.0,578.8382233068747,-287.2768856607054
816,816.0,578.9394512791802,-266.92648986528553
817,817.0,575.6181337366587,-246.24639423563653
818,818.0,578.9394512791802,-245.77650352176815
819,819.0,578.9394512791802,-245.9112657162597
820,820.0,578.8382233068747,-266.41609671120415
821,821.0,579.0645174930372,-267.061252059777
822,822.0,575.7111400729171,-286.5075246019685
823,823.0,578.8382233068747,-285.9683219996412
824,824.0,575.6451665094438,-265.62707106733336
825,825.0,582.3541643356574,-227.64305657381658
826,826.0,579.0645174930372,-228.62729638347034
827,827.0,575.6181337366587,-228.02394495722493
828,828.0,575.6181337366587,-226.26223989857
829,829.0,579.0645174930372,-225.992467325948
830,830.0,579.0645174930372,-246.8021833981903
831,831.0,579.0645174930372,-267.4770131841215
832,832.0,575.7395775494347,-247.09365283764586
833,833.0,575.7395775494347,-226.8451787774812
834,834.0,575.7395775494347,-206.7315910036275
835,835.0,575.7395775494347,-206.7315910036275
836,836.0,579.0167500307871,-188.78785436263857
837,837.0,579.0645174930372,-208.90144213649228
838,838.0,575.7395775494347,-208.90144213649228
839,839.0,575.7395775494347,-226.8451787774812
840,840.0,579.0167500307871,-188.78785436263857
841,841.0,575.7395775494347,-188.78785436263857
842,842.0,575.7395775494347,-188.78785436263857
843,843.0,575.7395775494347,-206.59926987054095
844,844.0,575.6451665094438,-206.90603899865627
845,845.0,582.124497554829,-201.54914452823812
846,846.0,585.6264012655554,-215.82655342471773
847,847.0,582.2285061342233,-208.76690148370463
848,848.0,585.6264012655554,-227.99605023183355
849,849.0,582.2285061342233,-207.09807965554273
850,850.0,585.6264012655554,-227.72321674615125
851,851.0,585.6264012655554,-227.72321674615125
852,852.0,585.6264012655554,-248.34835383675977
853,853.0,582.1628721067708,-267.41856396024485
854,854.0,578.9394512791802,-264.9292586219611
855,855.0,582.3541643356574,-244.22601557363217
856,856.0,582.3541643356574,-204.45256240181814
857,857.0,585.7558516549508,-206.93722186237414
858,858.0,582.3541643356574,-206.93722186237414
859,859.0,585.7558516549508,-227.6358190329753
860,860.0,582.3541643356574,-206.93722186237414
861,861.0,585.7558516549508,-227.6358190329753
862,862.0,582.3541643356574,-206.93722186237414
863,863.0,585.7558516549508,-227.6358190329753
864,864.0,585.7558516549508,-227.6358190329753
865,865.0,582.3541643356574,-227.6358190329753
866,866.0,585.7558516549508,-227.6358190329753
867,867.0,582.3541643356574,-206.93722186237414
868,868.0,582.3541643356574,-206.93722186237414
869,869.0,582.3541643356574,-186.23862469177297
870,870.0,582.3541643356574,-186.23862469177297
871,871.0,582.3541643356574,-186.23862469177297
872,872.0,582.3541643356574,-186.23862469177297
873,873.0,582.3541643356574,-186.23862469177297
874,874.0,582.3541643356574,-186.23862469177297
875,875.0,582.3541643356574,-186.23862469177297
876,876.0,585.7558516549508,-206.93722186237414
877,877.0,582.3541643356574,-206.93722186237414
878,878.0,585.852114550795,-228.33763042708006
879,879.0,582.3541643356574,-207.63903325647888
880,880.0,582.3541643356574,-207.63903325647888
881,881.0,582.3541643356574,-186.23862469177297
882,882.0,582.3541643356574,-186.23862469177297
883,883.0,582.3541643356574,-186.23862469177297
884,884.0,585.7558516549508,-206.93722186237414
885,885.0,582.2285061342233,-206.21261293943857
886,886.0,582.3541643356574,-206.21261293943857
887,887.0,585.7558516549508,-206.21261293943857
888,888.0,582.3541643356574,-206.93722186237414
889,889.0,582.3541643356574,-206.93722186237414
890,890.0,582.3541643356574,-186.23862469177297
891,891.0,582.3541643356574,-186.23862469177297
892,892.0,582.3541643356574,-186.23862469177297
893,893.0,582.3541643356574,-186.23862469177297
894,894.0,585.7558516549508,-206.93722186237414
895,895.0,582.3541643356574,-206.93722186237414
896,896.0,582.3541643356574,-206.93722186237414
897,897.0,585.7558516549508,-206.93722186237414
898,898.0,585.7558516549508,-227.6358190329753
899,899.0,582.3541643356574,-227.6358190329753
900,900.0,582.2285061342233,-206.21261293943857
901,901.0,582.3541643356574,-185.51401576883742
902,902.0,582.2285061342233,-184.78940684590182
903,903.0,582.3541643356574,-185.51401576883742
904,904.0,585.6264012655554,-205.39875836011947
905,905.0,585.7558516549508,-226.8219644536562
906,906.0,585.6264012655554,-246.7067070449383
907,907.0,582.3541643356574,-226.8219644536562
908,908.0,582.3541643356574,-206.12336728305505
909,909.0,585.7558516549508,-206.93722186237414
910,910.0,582.44765063432,-207.57212711543912
911,911.0,582.2285061342233,-206.84751819250354
912,912.0,585.7558516549508,-206.84751819250354
913,913.0,582.2285061342233,-205.48800401650297
914,914.0,582.3541643356574,-206.21261293943857
915,915.0,582.3541643356574,-185.51401576883742
916,916.0,582.3541643356574,-186.23862469177297
917,917.0,582.2285061342233,-185.51401576883742
918,918.0,582.3541643356574,-185.51401576883742
919,919.0,585.7558516549508,-206.21261293943857
920,920.0,582.3541643356574,-206.93722186237414
921,921.0,582.2285061342233,-206.21261293943857
922,922.0,582.3541643356574,-185.51401576883742
923,923.0,582.3541643356574,-185.51401576883742
924,924.0,582.3541643356574,-186.23862469177297
925,925.0,582.3541643356574,-186.23862469177297
926,926.0,585.7558516549508,-206.93722186237414
927,927.0,582.3541643356574,-206.93722186237414
928,928.0,585.7558516549508,-227.6358190329753
929,929.0,582.2285061342233,-206.21261293943857
930,930.0,585.6264012655554,-226.09735553072065
931,931.0,585.7558516549508,-226.09735553072065
932,932.0,585.7558516549508,-247.52056162425734
933,933.0,582.3541643356574,-227.6358190329753
934,934.0,582.3541643356574,-206.93722186237414
935,935.0,585.7558516549508,-206.93722186237414
936,936.0,585.7558516549508,-227.6358190329753
937,937.0,582.2285061342233,-226.91121011003972
938,938.0,582.3541643356574,-206.21261293943857
939,939.0,582.3541643356574,-185.51401576883742
940,940.0,582.3541643356574,-186.23862469177297
941,941.0,582.3541643356574,-186.23862469177297
942,942.0,582.3541643356574,-186.23862469177297
943,943.0,582.3541643356574,-186.23862469177297
944,944.0,582.3541643356574,-186.23862469177297
945,945.0,582.3541643356574,-186.23862469177297
946,946.0,582.2285061342233,-185.51401576883742
947,947.0,585.6264012655554,-205.39875836011947
948,948.0,582.2285061342233,-204.67414943718393
949,949.0,582.2285061342233,-204.67414943718393
950,950.0,585.7558516549508,-205.48800401650297
951,951.0,585.7558516549508,-226.91121011003972
952,952.0,582.2285061342233,-226.91121011003972
953,953.0,582.3541643356574,-206.21261293943857
954,954.0,582.3541643356574,-185.51401576883742
955,955.0,582.2285061342233,-185.51401576883742
956,956.0,582.3541643356574,-185.51401576883742
957,957.0,582.3541643356574,-185.51401576883742
958,958.0,582.2285061342233,-185.51401576883742
959,959.0,582.3541643356574,-185.51401576883742
960,960.0,582.2285061342233,-184.78940684590182
961,961.0,582.2285061342233,-184.78940684590182
962,962.0,585.7558516549508,-205.48800401650297
963,963.0,582.3541643356574,-206.21261293943857
964,964.0,585.7558516549508,-227.6358190329753
965,965.0,582.3541643356574,-206.93722186237414
966,966.0,585.6264012655554,-226.6855477108151
967,967.0,582.2285061342233,-205.12855580383567
968,968.0,582.3011459659576,-203.88964950284344
969,969.0,585.6996467480737,-203.4867548446384
970,970.0,585.7558516549508,-225.04374675161776
971,971.0,582.2285061342233,-225.4242583162318
972,972.0,592.5439378297789,-212.23359476867208
973,973.0,592.6712877076711,-198.66874361234775
974,974.0,592.6712877076711,-206.66088436300288
975,975.0,592.6712877076711,-207.63986273460355
976,976.0,592.6712877076711,-207.63986273460355
977,977.0,592.6712877076711,-207.63986273460355
978,978.0,592.6712877076711,-207.63986273460355
979,979.0,592.6712877076711,-207.63986273460355
980,980.0,592.6712877076711,-207.63986273460355
981,981.0,592.5439378297789,-206.66088436300288
982,982.0,592.6712877076711,-206.66088436300288
983,983.0,592.6712877076711,-206.66088436300288
984,984.0,592.6712877076711,-207.63986273460355
985,985.0,592.6712877076711,-207.63986273460355
986,986.0,592.6712877076711,-207.63986273460355
987,987.0,592.6712877076711,-207.63986273460355
988,988.0,592.6712877076711,-207.63986273460355
989,989.0,592.6712877076711,-207.63986273460355
990,990.0,592.6712877076711,-207.63986273460355
991,991.0,592.6712877076711,-207.63986273460355
992,992.0,592.6712877076711,-207.63986273460355
993,993.0,592.6712877076711,-207.63986273460355
994,994.0,592.6712877076711,-207.63986273460355
995,995.0,592.6712877076711,-207.63986273460355
996,996.0,592.6021718945013,-207.92215825803524
997,997.0,592.6712877076711,-207.92215825803524
998,998.0,592.6712877076711,-207.92215825803524
999,999.0,592.5439378297789,-206.66088436300288
1000,1000.0,592.6712877076711,-206.66088436300288
1001,1001.0,592.5439378297789,-205.68190599140212
1002,1002.0,592.4681297554445,-205.96232593885293
1003,1003.0,592.6712877076711,-205.96232593885293
1004,1004.0,592.5439378297789,-205.96232593885293
1005,1005.0,592.4681297554445,-205.96232593885293
1006,1006.0,592.5439378297789,-204.98334756725225
1007,1007.0,592.5439378297789,-204.98334756725225
1008,1008.0,592.5439378297789,-204.70292761980144
1009,1009.0,592.5439378297789,-204.70292761980144
1010,1010.0,592.6712877076711,-205.68190599140212
1011,1011.0,592.5439378297789,-205.68190599140212
1012,1012.0,592.5439378297789,-205.68190599140212
1013,1013.0,592.5439378297789,-204.70292761980144
1014,1014.0,592.6712877076711,-205.68190599140212
1015,1015.0,592.5439378297789,-205.68190599140212
1016,1016.0,592.4681297554445,-205.96232593885293
1017,1017.0,592.5439378297789,-204.98334756725225
1018,1018.0,592.5439378297789,-204.98334756725225
1019,1019.0,592.4681297554445,-204.98334756725225
1020,1020.0,592.5439378297789,-204.98334756725225
1021,1021.0,592.6712877076711,-205.96232593885293
1022,1022.0,592.5439378297789,-205.68190599140212
1023,1023.0,592.6712877076711,-206.66088436300288
1024,1024.0,592.5439378297789,-205.68190599140212
1025,1025.0,592.5439378297789,-205.68190599140212
1026,1026.0,592.6712877076711,-205.68190599140212
1027,1027.0,592.6712877076711,-206.66088436300288
1028,1028.0,592.4681297554445,-206.9413043104537
1029,1029.0,592.5439378297789,-205.96232593885293
1030,1030.0,592.5439378297789,-204.98334756725225
1031,1031.0,592.4681297554445,-204.98334756725225
1032,1032.0,592.4681297554445,-205.26376751470306
1033,1033.0,592.5439378297789,-205.26376751470306
1034,1034.0,592.4681297554445,-205.26376751470306
1035,1035.0,592.6021718945013,-206.2446214622846
1036,1036.0,592.6712877076711,-207.2235998338853
1037,1037.0,592.6712877076711,-207.92215825803524
1038,1038.0,592.6021718945013,-207.92215825803524
1039,1039.0,592.6712877076711,-207.92215825803524
1040,1040.0,592.6712877076711,-207.92215825803524
1041,1041.0,592.6712877076711,-207.63986273460355
1042,1042.0,592.6712877076711,-207.63986273460355
1043,1043.0,592.6712877076711,-207.63986273460355
1044,1044.0,592.6021718945013,-207.92215825803524
1045,1045.0,592.6712877076711,-207.92215825803524
1046,1046.0,592.4681297554445,-207.2235998338853
1047,1047.0,592.6712877076711,-206.9413043104537
1048,1048.0,592.6712877076711,-206.9413043104537
1049,1049.0,592.6712877076711,-207.63986273460355
1050,1050.0,592.6712877076711,-207.63986273460355
1051,1051.0,592.6712877076711,-207.63986273460355
1052,1052.0,592.6712877076711,-207.63986273460355
1053,1053.0,592.6021718945013,-207.92215825803524
1054,1054.0,592.4681297554445,-207.2235998338853
1055,1055.0,592.6021718945013,-207.50589535731697
1056,1056.0,592.6712877076711,-207.2235998338853
1057,1057.0,592.6712877076711,-207.92215825803524
1058,1058.0,592.6712877076711,-207.63986273460355
1059,1059.0,592.6712877076711,-207.63986273460355
1060,1060.0,592.5439378297789,-206.66088436300288
1061,1061.0,592.6712877076711,-206.66088436300288
1062,1062.0,592.5439378297789,-205.68190599140212
1063,1063.0,592.5439378297789,-205.68190599140212
1064,1064.0,592.6021718945013,-205.9642015148338
1065,1065.0,592.6712877076711,-206.94317988643448
1066,1066.0,592.6021718945013,-208.20445378146687
1067,1067.0,592.6712877076711,-207.92215825803524
1068,1068.0,592.6712877076711,-207.92215825803524
1069,1069.0,592.6712877076711,-207.63986273460355
1070,1070.0,592.6712877076711,-207.63986273460355
1071,1071.0,592.6712877076711,-207.63986273460355
1072,1072.0,592.6021718945013,-207.92215825803524
1073,1073.0,592.6021718945013,-208.20445378146687
1074,1074.0,592.5439378297789,-207.22547540986616
1075,1075.0,592.6712877076711,-206.94317988643448
1076,1076.0,592.6712877076711,-206.66088436300288
1077,1077.0,592.6712877076711,-207.63986273460355
1078,1078.0,592.6712877076711,-207.63986273460355
1079,1079.0,592.5439378297789,-206.66088436300288
