,t,x,y
0,0.0,346.25266813796026,-0.7250817080246275
1,1.0,346.2585245888701,2.637756507006901
2,2.0,345.02339203171005,0.4863915468881337
3,3.0,346.26804951006505,-0.6012473256311678
4,4.0,345.01196186377973,-2.8502274838640442
5,5.0,345.02339203171005,0.486391546888185
6,6.0,346.25852458887016,2.637756507006873
7,7.0,346.25852458887016,2.637756507006934
8,8.0,346.2608465838426,2.3129489601060356
9,9.0,346.2674890562362,-0.8658132251275061
10,10.0,345.02339203171005,0.4863915468881786
11,11.0,346.25250145941436,-0.8007304402866805
12,12.0,346.26804951006505,-0.6012473256311741
13,13.0,346.2601861589852,2.4097906540463825
14,14.0,345.01196186377973,-2.8502274838640678
15,15.0,345.01196186377973,-2.850227483864041
16,16.0,345.01196186377973,-2.850227483864041
17,17.0,346.28518757607173,-0.6689748933660776
18,18.0,346.2585245888701,2.637756507006842
19,19.0,345.02351325353936,0.3910600832599873
20,20.0,346.2442846376159,2.516205859099426
21,21.0,346.243578725948,2.6115373227276946
22,22.0,345.0085316808352,0.460695414455206
23,23.0,345.02339203171005,0.4863915468881401
24,24.0,346.25266813796026,-0.7250817080246328
25,25.0,346.2585245888701,2.637756507006901
26,26.0,345.01275447642263,-2.752612285749814
27,27.0,345.0119618637797,-2.8502274838640584
28,28.0,345.00853168083523,0.4606954144552071
29,29.0,346.25852458887016,2.6377565070069116
30,30.0,345.0105422470485,-3.0171781852461765
31,31.0,346.26786625533754,-0.6988625237454258
32,32.0,346.16527075093506,-0.8757674416738335
33,33.0,345.00715312235826,3.382590754080065
34,34.0,346.2592376886864,2.542425043378658
35,35.0,346.252858792413,-0.627466509910345
36,36.0,346.2678662553376,-0.6988625237453904
37,37.0,346.2196400191061,5.821037269422288
38,38.0,345.0119618637797,-2.85022748386409
39,39.0,345.01196186377973,-2.850227483864041
40,40.0,345.01275447642263,-2.7526122857498145
41,41.0,345.0119618637797,-2.8502274838640584
42,42.0,343.7905503321739,1.3581885958598596
43,43.0,345.01275447642263,-2.7526122857498962
44,44.0,345.0086458076293,0.3653639508269294
45,45.0,346.2592376886864,2.542425043378636
46,46.0,345.01275447642263,-2.752612285749842
47,47.0,345.02351325353936,0.39106008325998587
48,48.0,345.0085316808352,0.46069541445518225
49,49.0,345.02351325353936,0.391060083259926
50,50.0,346.2592376886864,2.5424250433786657
51,51.0,345.02351325353936,0.39106008325991604
52,52.0,345.02351325353936,0.391060083259951
53,53.0,345.0085316808352,0.46069541445518986
54,54.0,346.2678662553376,-0.6988625237454069
55,55.0,343.7745830755073,-1.6577720751418246
56,56.0,346.26804951006505,-0.6012473256311661
57,57.0,345.02339203171005,0.4863915468881853
58,58.0,346.2442846376159,2.5162058590994265
59,59.0,346.21961786398805,2.47296438559587
60,60.0,344.98365708553735,0.43987799145912326
61,61.0,346.2278000067865,-0.6707079834138773
62,62.0,345.03754991590415,-2.589576731335882
63,63.0,346.2585245888701,2.6377565070068743
64,64.0,346.1324574288059,2.4391540145891732
65,65.0,346.252858792413,-0.6274665099103781
66,66.0,347.4711453541869,4.803255410278765
67,67.0,348.5230245201005,6.66474096427702
68,68.0,347.3232165229983,7.927437135238891
69,69.0,347.3633878933904,4.157763930917137
70,71.0,344.898929746958,-9.279325687077938
71,72.0,346.27460274108813,-3.4958950653121703
72,73.0,346.2481501514168,-3.76060188977436
73,74.0,346.16486606633356,2.2067844329524458
74,75.0,346.243578725948,2.611537322727613
75,76.0,347.4078504636829,-2.0115744127525295
76,77.0,349.6383812621788,11.947455801366475
77,78.0,349.5378357199694,15.172096572218836
78,79.0,349.5429296349818,15.054283655863454
79,80.0,349.45773711340655,14.617479411787302
80,81.0,349.30075265228726,17.982350494927264
81,82.0,350.56913802218276,17.135755403924655
82,83.0,351.6118396037827,22.619650765635296
83,84.0,350.472047688471,20.378125404750534
84,85.0,350.06703648867153,26.438497877162085
85,86.0,351.5475447221755,22.492259763492456
86,87.0,351.61909388131863,22.634031273917103
87,88.0,351.64011476398963,22.5696197092813
88,89.0,350.3129803426566,23.192471194525147
89,90.0,350.4724933696844,20.378995005322658
90,92.0,349.76615058366923,9.328057313620326
91,93.0,347.447712098395,1.8973583969351948
92,94.0,346.28457432381504,-3.2122338848579965
93,95.0,346.21860679409366,-6.82312036827125
94,96.0,344.9965673968614,-5.533969823127658
95,97.0,344.9308155197788,-8.963775124235381
96,98.0,343.6094072407097,-14.180924516701669
97,99.0,340.8658572464619,-21.50490103399291
98,100.0,341.9823636321769,-23.11495241501032
99,101.0,341.9941210230028,-23.096930082658254
100,102.0,342.1987307687959,-19.653669398455957
101,103.0,342.1987307687959,-19.65366939845597
102,104.0,341.9823636321769,-23.114952415010368
103,105.0,342.1987307687959,-19.653669398455936
104,106.0,340.7023324439942,-22.24762733710483
105,107.0,343.55004730662836,-14.687560660204316
106,108.0,343.6578880731288,-11.17031281940353
107,109.0,345.0440566762689,-6.081526335339501
108,110.0,346.22717622446095,-0.9390369398503092
109,111.0,347.37554211389994,4.512950982490614
110,112.0,349.7183472999845,8.658418868957577
111,113.0,349.71650925750276,8.732342657607298
112,114.0,349.6582348587849,12.083456030286381
113,115.0,348.5398509029461,6.583048005489624
114,116.0,349.66483446186135,11.890948446450277
115,117.0,348.45252484810874,9.67587633000802
116,118.0,349.3173713310783,18.142780923035776
117,119.0,350.64474569778355,17.151866385274815
118,120.0,349.65341677285943,11.769212233394187
119,121.0,350.6145422584605,17.09395742966317
120,122.0,349.35741274639634,18.09112530184255
121,123.0,351.8107282122523,19.429309519203386
122,124.0,350.4597362242562,20.018339325271885
123,125.0,351.3980809435815,25.383012165386177
124,126.0,351.6058670976142,22.50176230769024
125,127.0,351.32732867690305,25.24070309131802
126,128.0,351.34992997542224,25.393004070497234
127,129.0,350.05570188416516,26.274191646278183
128,130.0,351.3649110169643,25.42315265963744
129,131.0,352.4633052045059,27.415177878028945
130,132.0,351.35451241966814,25.474539246715914
131,133.0,350.0847971676881,26.202270856173413
132,135.0,348.34575263944896,12.71047591847467
133,136.0,349.74170101200775,8.778410827314318
134,137.0,349.73270840979086,8.761964398155902
135,138.0,348.5249278102909,6.569577658188674
136,139.0,348.4556928266439,9.561108329008864
137,140.0,349.5202384615405,15.011404249776655
138,141.0,349.6383812621788,11.947455801366475
139,142.0,348.5231178016365,6.664909121816912
140,144.0,346.1798670282475,2.5222401978384354
141,145.0,346.1724046250317,2.4867415002931206
142,146.0,347.41091504002657,1.3845961382770233
143,147.0,346.16527075093506,-0.8757674416737576
144,148.0,347.42376670512175,-1.885182793580511
145,150.0,343.8699994201403,-4.684747939109045
146,151.0,343.64207968069366,-11.64650145297894
147,152.0,343.5411132168418,-14.701856620637047
148,153.0,343.5227427384086,-14.752801254256104
149,154.0,343.68047535977513,-11.228993677652843
150,155.0,343.7688497963541,-8.08315236930868
151,156.0,343.76551490716054,-8.223758456357869
152,157.0,343.6994202548452,-11.102708574786256
153,158.0,344.8841780526835,-12.365278309026866
154,159.0,345.05752945289095,-5.770419967566014
155,160.0,343.76701378046016,-7.80264665517821
156,161.0,343.78280040961994,-8.120822848255834
157,162.0,343.6804753597751,-11.228993677652856
158,163.0,343.6571821681686,-11.266888219212019
159,164.0,343.55327976628166,-14.611755690702305
160,165.0,343.68047535977513,-11.228993677652841
161,166.0,343.6771180222269,-11.33128370794988
162,167.0,344.91822814698855,-9.201751439936169
163,168.0,343.67168852914665,-11.243289638085571
164,169.0,344.8825197082555,-9.33524357023002
165,170.0,344.8585583970394,-9.300099412089665
166,171.0,343.80460886633443,-4.889871739957856
167,172.0,346.2275971470603,-0.7683231815281464
168,173.0,345.01050931792673,-3.0209412421862654
169,175.0,349.7517254476188,8.352051481107434
170,176.0,351.6193414597567,22.50273453877401
171,177.0,350.5765866852549,16.842034503121663
172,178.0,350.46908461515426,19.85400092507329
173,179.0,348.860942735604,23.431963716155185
174,180.0,351.9368977148759,33.66976781745947
175,181.0,350.89488278445197,31.247697848004535
176,182.0,351.6705390272025,36.52700650631682
177,183.0,350.8711271256309,31.327387272544254
178,184.0,350.8841856424955,31.17476889186456
179,185.0,349.8515929275091,29.151108590345235
180,186.0,351.1046000556603,28.169927006429607
181,187.0,350.87917321204355,31.42360881800836
182,188.0,351.9667303268491,33.443429623026695
183,189.0,349.8680080825428,28.953430303081397
184,190.0,349.85911982752987,29.06063453312267
185,191.0,350.8936938382362,31.067564661823344
186,192.0,349.77250040840426,28.989243824032034
187,193.0,351.1334598413031,28.228909460593716
188,194.0,351.1334598413031,28.228909460593723
189,195.0,351.1334598413031,28.228909460593723
190,196.0,351.126414764203,28.316405214915324
191,197.0,349.8608133472954,29.04023915071184
192,198.0,349.86800808254276,28.95343030308143
193,200.0,349.40533731464825,18.437670715766156
194,201.0,349.5468960244557,14.961904753921608
195,202.0,349.2088824451458,21.04508905124198
196,203.0,347.4226602871395,4.583419062502456
197,204.0,346.1394828049895,5.382940707484978
198,205.0,347.34691910976346,7.546215653920338
199,206.0,347.3784475586878,4.2834748992180565
200,207.0,347.3784475586878,4.283474899218062
201,208.0,346.13799912767263,5.477514678872453
202,209.0,346.25852458887016,2.6377565070068956
203,210.0,347.3955395893058,4.813175583237272
204,211.0,346.243578725948,2.6115373227276812
205,212.0,346.2426410859187,2.7330257934096465
206,213.0,346.26786625533754,-0.6988625237453461
207,214.0,347.3829059103566,4.623599970915068
208,215.0,347.38290591035656,4.623599970915023
209,216.0,347.38290591035656,4.623599970915023
210,217.0,346.20493355742326,5.794818085143125
211,218.0,346.2585245888701,2.637756507006936
212,219.0,347.39902479777453,4.554684983100146
213,220.0,346.2585245888701,2.6377565070068747
214,221.0,347.39776184193414,4.650016446728423
215,222.0,346.2585245888701,2.637756507006909
216,223.0,347.41129036845416,1.2869809401628285
217,224.0,346.2678662553376,-0.6988625237453701
218,225.0,346.25852458887016,2.637756507006917
219,226.0,346.1724046250317,2.4867415002931175
220,227.0,345.02339203171005,0.4863915468881568
221,228.0,347.39776184193414,4.65001644672845
222,229.0,346.1724046250317,2.4867415002931756
223,230.0,346.1724046250317,2.4867415002931477
224,231.0,347.42601605110536,1.4110126140903452
225,232.0,346.25852458887016,2.6377565070068827
226,233.0,347.4054104011681,4.663618772527128
227,234.0,347.39776184193414,4.650016446728392
228,235.0,347.42601605110536,1.4110126140903994
229,236.0,347.4066770618016,4.568287308898888
230,237.0,346.1655039453901,-0.7781522435595819
231,238.0,347.39776184193414,4.650016446728422
232,239.0,346.1800276135192,2.500102560655083
233,240.0,347.39776184193414,4.650016446728445
