,t,x,y
0,0.0,373.2400994100966,-78.53436583883487
1,1.0,372.4122455250532,-15.629505234636476
2,2.0,371.78982721075124,-9.336117388448095
3,3.0,373.22328003847383,-15.110154675177014
4,4.0,372.62525318283986,-21.502190856227905
5,5.0,371.78982721075124,-8.99838098289549
6,6.0,372.4122455250532,-7.1240001361102046
7,7.0,372.4122455250532,-11.548234640786
8,8.0,372.49372497171817,-26.723858437285564
9,9.0,373.2893811768281,-43.322165619162014
10,10.0,371.78982721075124,-21.429176928511204
11,11.0,373.258999984804,-15.511233711965176
12,12.0,373.22328003847383,-23.72408533882576
13,13.0,372.4694352781348,-30.51738281101776
14,14.0,372.62525318283986,-24.997149037043677
15,15.0,372.62525318283986,-17.1713771811419
16,16.0,372.62525318283986,-17.1713771811419
17,17.0,373.25630262565744,-19.371889059874256
18,18.0,372.4122455250532,-15.611521992698108
19,19.0,371.81374499451726,-9.504652698377477
20,20.0,372.428591221774,-7.3741893483679135
21,21.0,372.404673438008,-11.62466103784159
22,22.0,371.7823794080254,-9.329165895088671
23,23.0,371.78982721075124,-4.908434907598917
24,24.0,373.2400994100966,-15.294382581720228
25,25.0,372.4122455250532,-15.629505234636476
26,26.0,372.6008617241719,-17.32227192751492
27,27.0,372.62525318283986,-17.07795635155211
28,28.0,371.7823794080254,-8.996656994808802
29,29.0,372.4122455250532,-7.120552159936821
30,30.0,372.6669628625262,-33.52223646857432
31,31.0,373.2476714971418,-27.39005587441971
32,32.0,373.19657502435007,-19.65468296518688
33,33.0,371.06182420070786,-11.8617100109944
34,34.0,372.43616330881923,-10.665128680719853
35,35.0,373.21570795142867,-19.61604308218115
36,36.0,373.2476714971418,-23.70908060329308
37,37.0,371.61193480869065,-8.212911263902882
38,38.0,372.62525318283986,-13.79820284869134
39,39.0,372.62525318283986,-17.1713771811419
40,40.0,372.6008617241719,-16.984535521962314
41,41.0,372.62525318283986,-17.07795635155211
42,42.0,370.42275575574627,-13.445998410266647
43,43.0,372.6008617241719,-11.94331707461432
44,44.0,371.8062971917915,-9.071771475148381
45,45.0,372.43616330881923,-7.467994057301169
46,46.0,372.6008617241719,-17.453859048714747
47,47.0,371.81374499451726,-9.07349546323507
48,48.0,371.7823794080254,-4.994426550650289
49,49.0,371.81374499451726,-5.171609149998574
50,50.0,372.43616330881923,-7.51876149970969
51,51.0,371.81374499451726,-9.636239819577305
52,52.0,371.81374499451726,-5.259324781136648
53,53.0,371.7823794080254,-5.041746016885426
54,54.0,373.2476714971418,-15.390017786730958
55,55.0,371.1672498543072,-11.350866630566117
56,56.0,373.22328003847383,-10.870187532618893
57,57.0,371.78982721075124,-13.32919465798151
58,58.0,372.428591221774,-7.248044800196077
59,59.0,372.41610238273256,-11.692318712377457
60,60.0,371.76437399617083,-9.756167811600264
61,61.0,373.20321911238716,-15.153123312250244
62,62.0,372.58202984638785,-20.479499571137588
63,63.0,372.4122455250532,-9.768938888647845
64,64.0,372.3429310024381,-8.459092342380323
65,65.0,373.21570795142867,-13.973590151599083
66,66.0,373.0245765278678,-21.49768862552674
67,67.0,373.57133127232976,-16.492042912535503
68,68.0,372.15411354384895,2.0817223495403034
69,69.0,373.0778760689297,-18.703469433141755
70,70.0,348.68693606093876,-91.24333550560199
71,71.0,374.2252209240295,0.7481634063506419
72,72.0,373.9673633488705,-15.852628206656696
73,73.0,374.0112159629755,-7.349045362096454
74,74.0,372.4300436401163,-8.26393252600571
75,75.0,372.404673438008,-10.256808830242264
76,76.0,374.6427041887017,-26.04607962424243
77,77.0,373.42233110371035,-14.115352002479874
78,78.0,372.6315162092304,-16.20911912077586
79,79.0,372.66131014204643,-19.452280425536806
80,80.0,372.67409525545463,-17.82221597664337
81,81.0,371.82165171092066,-6.633031873141711
82,82.0,373.1918774315029,-11.40146495395605
83,83.0,373.07963789378607,-10.99819908626047
84,84.0,372.442300132499,-18.125063992428323
85,85.0,370.8973732583912,-0.02742649794175378
86,86.0,373.04347834327746,-4.681457052100441
87,87.0,373.0837192913622,-11.665757429059084
88,88.0,373.1160324613379,-20.524456577962816
89,89.0,371.7414170359792,-23.174144218175783
90,90.0,372.44254783661745,-13.929519492460962
91,91.0,351.15019648217293,-84.35545217064872
92,92.0,374.1261740798701,12.952628093357028
93,93.0,373.7043008820932,-4.005498416082666
94,94.0,373.9034526885378,-3.2495577129044406
95,95.0,374.7881045291947,-14.624918898577633
96,96.0,373.3106909531572,-5.974605694609629
97,97.0,374.1688213638757,-4.249121926985076
98,98.0,374.39903030213134,-15.494791460850486
99,99.0,374.0289704931989,-10.281660507460813
100,100.0,375.54561153412953,-12.738651916792314
101,101.0,375.55086941610864,-20.320639457974764
102,102.0,374.696173423804,-11.243928506823373
103,103.0,374.696173423804,-6.804618736750406
104,104.0,375.54561153412953,-15.8417114057007
105,105.0,374.696173423804,-11.561771433345221
106,106.0,374.10527073412334,-6.3626624196779105
107,107.0,374.488952753073,-14.061963188442007
108,108.0,373.59619201139026,-12.568540083858231
109,109.0,373.4996860242838,-6.162314211754413
110,110.0,373.27026028379316,-16.799434472886475
111,111.0,373.0043055673905,-11.476580430411211
112,112.0,374.2331796712454,-9.257379830522957
113,113.0,374.21463485108313,-14.21725323333461
114,114.0,373.4111300686046,-9.314225736204527
115,115.0,373.6061405348135,-27.651911357970462
116,116.0,373.45962018117893,-29.145474821209454
117,117.0,372.81447285559034,-29.79155920702231
118,118.0,371.80440686185773,-10.395458670271843
119,119.0,373.2598235126044,-8.503830531027496
120,120.0,373.47567401115714,-26.677011835777478
121,121.0,373.24332746668097,-25.099491587841705
122,122.0,371.8527484927384,-12.638861501572315
123,123.0,373.8957964069042,-21.757697240077142
124,124.0,372.50244263224454,-18.895547063813986
125,125.0,372.35296692372515,-22.269050845580814
126,126.0,373.0967736342179,-24.475671731064033
127,127.0,372.31256956949994,-23.07727540759049
128,128.0,372.3055306865106,-17.092131043852298
129,129.0,370.9169835570517,-11.723878323874416
130,130.0,372.3140889428172,-17.32010881797818
131,131.0,372.9882473444972,-19.82439260563182
132,132.0,372.29467174181264,-10.006920452133024
133,133.0,370.9578216557119,-6.505099987254489
134,134.0,353.55254025970567,-81.22259755779534
135,135.0,372.039970912011,18.948538180479247
136,136.0,374.22780325467807,-12.36030591914141
137,137.0,374.22310222191516,-17.450679209860887
138,138.0,373.5952972958869,-15.220343947211134
139,139.0,372.8433765020775,-17.318426850893772
140,140.0,372.6490537952284,-14.780094724639447
141,141.0,373.42233110371035,-9.235617953980118
142,142.0,373.57137951212087,-11.206452083256515
143,143.0,349.86833979550426,-77.5844895697342
144,144.0,372.3669329004995,26.762166476128783
145,145.0,372.3686279275892,-0.7052873766127981
146,146.0,373.7958313690922,-10.438809668419502
147,147.0,373.19657502435007,-16.886529221460393
148,148.0,374.6254288583097,-23.259867649783928
149,149.0,346.2902398584193,-91.1461498144834
150,150.0,372.0399490424877,22.155308698385006
151,151.0,373.7142150174675,-28.54939597892944
152,152.0,374.48479525511306,-29.18789336007103
153,153.0,374.4824217842988,-25.159685812723538
154,154.0,373.6334192404853,-16.30507181841579
155,155.0,372.852079873165,-3.805764603635005
156,156.0,372.8870673665923,-15.639499882096452
157,157.0,373.61585246421197,-16.20937329964155
158,158.0,375.06468235352816,-23.66336024474201
159,159.0,373.4298180311296,-15.833833888826867
160,160.0,372.77454608090767,-5.405961545383626
161,161.0,372.8752180577866,-15.700991742928458
162,162.0,373.6334192404853,-14.347789564296448
163,163.0,373.6223986711092,-9.895486413287138
164,164.0,374.4702398811098,-18.59851619782301
165,165.0,373.6334192404853,-14.470342867173208
166,166.0,373.6587744333874,-10.113474855184414
167,167.0,374.22195983114364,-8.416240046114538
168,168.0,373.6292617425254,-6.7779774544149305
169,169.0,374.2252642439853,-8.772327296607457
170,170.0,374.1934542006642,-4.802643366070093
171,171.0,372.0330762440233,-7.846360045656581
172,172.0,373.22761057105515,-14.53956012407999
173,173.0,372.66790289557787,-15.443251604929728
174,174.0,348.50635736667346,-80.9250103305573
175,175.0,374.3343464641865,-16.03648994403939
176,176.0,373.10932334223344,-30.62317880568778
177,177.0,373.2597532277251,-18.828383254414618
178,178.0,372.5441512349922,-28.79681057164685
179,179.0,370.3229995288141,-20.041657808233822
180,180.0,371.403181091846,-8.593793533086846
181,181.0,370.82388093280673,-9.57212086304532
182,182.0,370.6855636972984,-0.7278945916816042
183,183.0,370.78761813049437,-6.428615964171783
184,184.0,370.8263096005341,-17.890893165628526
185,185.0,370.20189496295393,-25.534482439558566
186,186.0,371.56464000286974,-20.94998831134008
187,187.0,370.7786966706381,-19.824759394690915
188,188.0,371.46915506652556,-24.37653683502598
189,189.0,370.2526610327816,-28.201978536018594
190,190.0,370.2251313897557,-27.822489196047556
191,191.0,370.85383924356006,-25.66436691527526
192,192.0,370.15578199336585,-19.18557666022003
193,193.0,371.5813845084847,-10.461821078578772
194,194.0,371.5813845084847,-11.417119858990453
195,195.0,371.5813845084847,-11.417119858990453
196,196.0,371.55899986649035,-11.180223181231163
197,197.0,370.2303691470755,-19.097163465177708
198,198.0,370.2526610327816,-26.443103451704623
199,199.0,351.07986971152786,-88.33772744272022
200,200.0,371.8270224600771,22.806476533990313
201,201.0,372.68466887865975,-16.512254043701653
202,202.0,371.1173661469604,-19.074423679262857
203,203.0,373.03157984318307,-30.95660355977406
204,204.0,371.64062491754584,-23.40270925457294
205,205.0,372.2643974316792,-16.452255733848062
206,206.0,373.0618672302894,-29.347550628850023
207,207.0,373.0618672302894,-33.71605178873485
208,208.0,371.616807323801,-22.724710208805043
209,209.0,372.4122455250532,-10.08065620721598
210,210.0,372.95145865895097,1.728646090047377
211,211.0,372.404673438008,-3.061355792291522
212,212.0,372.374188941914,-14.126130065007409
213,213.0,373.2476714971418,-22.25332280850597
214,214.0,372.9847968556715,-15.9683104809449
215,215.0,372.9847968556715,-7.849775074567766
216,216.0,372.9847968556715,-7.849775074567766
217,217.0,371.6043627216455,-2.4013395280323806
218,218.0,372.4122455250532,-10.09189160648372
219,219.0,373.0163182254886,-12.091939618487878
220,220.0,372.4122455250532,-9.974331780985274
221,221.0,372.99240044172257,-11.828378569664316
222,222.0,372.4122455250532,-9.842551256573493
223,223.0,373.8202228277602,-20.11055868186378
224,224.0,373.2476714971418,-22.264663280053526
225,225.0,372.4122455250532,-17.956454083674032
226,226.0,372.3686279275892,-9.654914928634383
227,227.0,371.78982721075124,-3.277884478177839
228,228.0,372.99240044172257,-7.392899576992754
229,229.0,372.3686279275892,-5.68326030245273
230,230.0,372.3686279275892,-1.336333020392857
231,231.0,373.80343495514325,-11.510516174793956
232,232.0,372.4122455250532,-13.842911013259062
233,233.0,372.9963155372284,-11.814814280192827
234,234.0,372.99240044172257,-7.829595364539692
235,235.0,373.80343495514325,-15.857443456853822
236,236.0,373.0202333209944,-12.107080459520311
237,237.0,373.1721835656821,-13.78712648067561
238,238.0,372.99240044172257,-7.507145856874217
239,239.0,372.3724874399321,-5.669643265176518
240,240.0,372.99240044172257,-3.4825625868703725
