,t,x,y
0,0.0,368.2379212953169,-54.523086527251515
1,2.0,367.5299199499856,-59.12617270624058
2,3.0,368.2379212953169,-54.5230865272515
3,4.0,368.2379212953169,-54.52308652725153
4,5.0,368.2697508416539,-54.307681403097256
5,6.0,368.2697508416539,-54.30768140309732
6,8.0,367.56090039787597,-58.91449858105254
7,9.0,367.6169902134301,-58.58237673353526
8,10.0,368.9076848053067,-49.79009676574894
9,12.0,367.61309908663156,-58.587908515977325
10,13.0,367.56372678078947,-58.91048613718272
11,14.0,367.5609003978759,-58.914498581052555
12,16.0,368.9076848053067,-49.79009676574899
13,17.0,366.7388411991735,-63.83224890477786
14,18.0,367.5288487389198,-59.12769204481296
15,19.0,368.9104016286296,-49.78608432187921
16,20.0,367.5349632936558,-59.11901936476671
17,21.0,368.2697508416539,-54.307681403097284
18,22.0,368.2379212953169,-54.52308652725149
19,23.0,368.2785101970576,-54.294996279181284
20,24.0,368.2406946319116,-54.519074083381796
21,25.0,367.5637267807894,-58.9104861371829
22,26.0,367.5260197164512,-59.13170448868258
23,29.0,368.9114303552465,-49.78456498330683
24,30.0,368.27252159164505,-54.30366895922762
25,31.0,368.27252159164505,-54.30366895922759
26,33.0,367.5260197164512,-59.131704488682644
27,34.0,368.2466888279755,-54.510401403335464
28,35.0,368.2466888279755,-54.510401403335464
29,36.0,368.9076848053067,-49.790096765748935
30,37.0,368.2417447574049,-54.517554744809345
31,38.0,368.8873844555364,-49.991052034077924
32,39.0,366.7479665557003,-63.81956378086188
33,40.0,367.5349632936557,-59.11901936476667
34,41.0,367.56090039787597,-58.914498581052506
35,43.0,368.272521591645,-54.303668959227636
36,45.0,368.24668882797545,-54.51040140333553
37,46.0,366.78087497815255,-63.6076733389282
38,47.0,368.2379212953169,-54.52308652725153
39,48.0,367.5288487389198,-59.12769204481291
40,49.0,368.2406946319116,-54.51907408338177
41,50.0,367.56983563042985,-58.90181345713656
42,51.0,368.24174475740483,-54.517554744809395
43,52.0,368.26975084165383,-54.307681403097334
44,54.0,368.2697508416539,-54.307681403097305
45,56.0,367.56090039787597,-58.91449858105254
46,57.0,368.272521591645,-54.3036689592276
47,59.0,368.27357073771526,-54.3021496206552
48,60.0,367.6130990866316,-58.58790851597734
49,61.0,367.61309908663156,-58.58790851597743
50,64.0,368.9076848053067,-49.79009676574899
51,65.0,368.7582399475911,-60.7095316233555
52,66.0,366.8050961416737,-63.45041441040104
53,67.0,366.8050961416738,-63.45041441040097
54,68.0,367.5260197164512,-59.13170448868268
55,69.0,369.9272293966715,-52.061526628236386
56,70.0,367.50989169861964,-59.15457731534687
57,73.0,368.2571019618454,-54.32599760987091
58,74.0,365.904034533093,-68.4556145013628
59,79.0,365.9494871200906,-68.22398037673199
60,82.0,361.21060504476435,-84.44270050337126
61,83.0,355.9287556113651,-94.32431372558074
62,84.0,353.7990366671764,-97.32390996555914
63,85.0,357.06867684705986,-89.91631429248685
64,86.0,357.0741980032021,-89.90951415677976
65,87.0,360.3905989056692,-82.2819765041894
66,90.0,353.9824638639204,-96.66225913977874
67,91.0,350.57377795221333,-104.05333355915634
68,94.0,350.5737779522134,-104.05333355915629
69,96.0,348.980471433519,-109.26293024152396
70,97.0,344.55751721616144,-114.30526647565715
71,98.0,342.9499593019992,-119.05033350851183
72,99.0,348.52951126123423,-106.51630333004991
73,101.0,347.0443517135756,-111.23989076403232
74,102.0,340.73999262617815,-121.63424026857436
75,103.0,340.8576631162531,-121.30409917034169
76,104.0,346.2697495777369,-109.0179665059945
77,108.0,342.9499593019991,-119.05033350851183
78,115.0,357.0741980032022,-89.90951415677972
79,116.0,357.11393306518085,-89.73640494232481
80,117.0,357.1139330651809,-89.73640494232474
81,118.0,357.1139330651809,-89.73640494232474
82,119.0,359.1668434889785,-87.45369444186892
83,120.0,360.38523870342823,-82.2888197633263
84,125.0,364.169597103098,-70.60330820678485
85,126.0,363.195839822201,-75.43800612505053
86,128.0,363.2428753642629,-75.21119816476525
87,129.0,363.178566248367,-75.46078178223065
88,130.0,362.1417246198495,-73.31120934943377
89,131.0,364.98274599371746,-73.20880255296947
90,132.0,365.9546932742318,-68.18428055583692
91,134.0,363.92442290693583,-71.0306282089786
92,135.0,367.5260197164512,-59.131704488682644
93,136.0,366.78276171294254,-63.5793941036002
94,138.0,368.2423010751257,-54.50822250632024
95,139.0,369.25315588514263,-56.664610549818065
96,140.0,369.90510958958674,-52.21845941308526
97,141.0,370.53791038988106,-47.53804853285122
98,143.0,368.2697508416539,-54.307681403097234
99,144.0,368.8623169354636,-50.12509141493692
100,145.0,371.02939273045723,-43.51720733259798
101,146.0,368.88717056807116,-49.94185653974984
102,148.0,370.468304268089,-48.06030728872643
103,149.0,371.02939273045723,-43.51720733259797
104,151.0,371.0510582128704,-43.351139471994756
105,153.0,371.0510582128704,-43.35113947199474
106,154.0,371.54404632669156,-38.90026649780821
107,155.0,371.03390147102994,-43.37729730275827
108,156.0,369.7659747756097,-41.77379141429563
109,157.0,369.2660408681171,-45.89072218235185
110,158.0,371.5272257198627,-38.926424328571684
111,159.0,369.26538136350837,-45.89171258957704
112,160.0,371.00921660662675,-43.58792441769808
113,161.0,369.90441861794284,-52.086391364848986
114,163.0,368.0737630480666,-54.63581496113544
115,164.0,364.7681009907133,-66.55030614481402
116,166.0,365.82289040615063,-61.23474225982671
117,172.0,363.2329124400215,-75.1987492565178
118,173.0,363.24287536426283,-75.2111981647654
119,174.0,362.19113894091225,-80.13270080180487
120,175.0,364.2010869139793,-70.4360643121327
121,176.0,363.2807636162567,-75.03837452594614
122,178.0,359.29352728714775,-86.86854848053098
123,179.0,358.27751929422783,-84.95915006729092
124,180.0,359.3362191336916,-86.69178210337103
125,181.0,356.5099285972021,-86.87835102483993
126,183.0,353.7948569440961,-97.34668081184887
127,187.0,353.9894414338855,-96.65393318547913
128,188.0,353.7473259843884,-97.5226934064852
129,189.0,352.4381820121657,-102.15270055324031
130,190.0,350.3558124311418,-104.78489732864821
131,191.0,350.5080220417025,-104.25185440934852
132,193.0,349.13053394738995,-108.77588394945357
133,195.0,350.5111354276793,-104.2482676504717
134,196.0,348.301906310362,-106.65320069533126
135,197.0,348.4653681871725,-106.72595874140626
136,198.0,347.0543235657944,-111.22877141002193
137,200.0,347.0543235657944,-111.22877141002199
138,202.0,344.79753576843433,-114.1766338117825
139,203.0,345.03525706334176,-113.46566485396201
140,205.0,343.18605234990997,-118.93266100218011
141,207.0,345.03039345840966,-113.47101819632033
142,208.0,345.32472532249653,-116.47847316694038
143,209.0,348.65455675774444,-106.09618599374882
144,210.0,340.9434576468588,-121.07298668946969
145,211.0,346.4669173294817,-108.98155574056945
146,212.0,346.4835963810586,-108.9628521853464
147,215.0,340.79137844206065,-121.49019450211364
148,216.0,342.4496534713409,-116.73416731171602
149,219.0,342.40099814399724,-116.87680458754679
150,221.0,344.80241361320265,-114.17128046942413
151,222.0,340.7434769087521,-121.63466760031302
152,225.0,344.55751721616144,-114.30526647565718
153,227.0,346.76412233602883,-112.09613306823196
154,228.0,349.6703877797558,-102.08030464522234
155,233.0,353.2496638888908,-94.55760767740463
156,234.0,358.2401642806652,-85.10239233260485
157,238.0,356.36071430132387,-87.49221492801901
158,239.0,356.4484225779418,-87.12189070092145
159,241.0,357.0686768470599,-89.91631429248683
160,242.0,356.4484225779418,-87.12189070092144
161,246.0,363.2360171934755,-75.25900874577167
162,248.0,364.16548832505623,-70.6088375860298
163,250.0,361.4208974145011,-77.59957674729951
164,251.0,360.2800326797561,-82.74822164640163
165,252.0,362.1374299257854,-80.36536989912938
166,256.0,363.87322010917165,-64.23643792484327
167,257.0,363.87322010917165,-64.2364379248433
168,258.0,367.0679241902743,-52.48586372566829
169,259.0,363.91149775984843,-64.01923201721307
170,260.0,366.35997279451817,-57.21885348717082
171,261.0,366.35997279451817,-57.2188534871709
172,262.0,366.37791401849637,-57.0257386431335
173,263.0,366.40420875621595,-56.859777362398994
174,264.0,366.3603765421887,-57.152517282917174
175,265.0,366.37855894829454,-57.024819324056914
176,266.0,365.631809144191,-61.63163650201217
177,267.0,367.59766894710765,-48.545489316643284
178,268.0,366.35997279451817,-57.218853487170904
179,269.0,369.94184177075323,-51.869092809848404
180,270.0,367.03084915173713,-52.659913779786024
181,271.0,367.00735740700964,-52.82338835651458
182,272.0,368.7024531703512,-50.21426275578107
183,273.0,367.6250943926816,-48.33736361358189
184,274.0,368.7024531703512,-50.21426275578108
185,275.0,368.7024531703512,-50.21426275578108
186,276.0,368.7024531703512,-50.21426275578108
187,278.0,368.68015235322656,-50.377737332509625
188,279.0,368.7024531703512,-50.21426275578109
189,280.0,368.6981587717218,-50.351220906325416
190,281.0,368.68082495575703,-50.37674692528451
191,282.0,369.91310389974825,-52.073646356941055
192,283.0,368.68082495575703,-50.376746925284465
193,284.0,367.0254763145844,-52.7970842929126
194,285.0,367.02547631458435,-52.79708429291266
195,286.0,366.338248201446,-57.37177248853458
196,287.0,366.9952279241746,-53.006934024366984
197,288.0,367.00799070423403,-52.82246903743809
198,289.0,368.6953544481397,-50.35535085015886
199,290.0,367.0308491517371,-52.659913779785974
200,291.0,369.2653813635084,-45.89171258957701
201,292.0,367.00735740700964,-52.823388356514556
202,293.0,367.0314819989659,-52.658994460709536
203,294.0,366.3963657453416,-56.999434579531545
204,295.0,366.39488743002323,-56.87307349364282
205,296.0,365.6603212500752,-61.462248081745734
206,302.0,362.1417246198495,-73.31120934943372
207,303.0,363.1958398222009,-75.43800612505053
208,304.0,363.1958398222009,-75.43800612505056
209,305.0,364.2266057383464,-70.23034957952997
210,306.0,363.22622778179806,-75.23316942110841
211,307.0,360.3905989056692,-82.28197650418943
212,309.0,360.47064136074766,-81.88549837138588
213,317.0,353.29777280042435,-94.37769832724254
214,318.0,351.9072751804273,-99.43709510225693
215,325.0,352.34083662891476,-102.48795643389921
216,327.0,348.30902219854977,-106.64511815976054
217,328.0,348.25181830786164,-106.8317706372372
218,331.0,349.63699648031314,-102.20727402902705
219,333.0,351.93643206769485,-99.3469566515333
220,336.0,349.6292607892784,-102.23373304424467
221,339.0,350.0477788889855,-101.41546031045742
222,340.0,351.28872508810986,-97.02976203755422
223,342.0,351.28872508810986,-97.02976203755426
224,343.0,348.47097547434754,-106.71958829460704
225,345.0,348.5295112612343,-106.51630333005001
226,351.0,346.48359638105853,-108.9628521853465
227,354.0,342.52168916440655,-116.52263055974517
228,362.0,361.321105768865,-70.9227896181479
229,363.0,358.27751929422783,-84.95915006729095
230,364.0,362.19239909679794,-80.13107150463428
231,365.0,359.39609880232047,-80.0954566592574
232,366.0,361.2329731326698,-77.72245101398828
233,367.0,361.26259932082405,-78.33322239781202
234,368.0,359.35841061581306,-80.26438021600217
235,369.0,361.23297313266977,-77.72245101398828
236,370.0,358.27751929422783,-84.95915006729092
237,371.0,364.9823920404554,-66.2568059349706
238,372.0,363.2493640738155,-75.07984327364635
239,373.0,361.26960848377377,-77.55198421620652
240,374.0,361.31708381146547,-70.92815349183063
241,375.0,360.40675888221125,-75.43176859437285
242,376.0,362.2420881192307,-79.90206793397975
243,377.0,363.195839822201,-75.43800612505052
244,378.0,361.23597267106226,-77.71854947748231
245,379.0,363.195839822201,-75.43800612505058
246,380.0,363.195839822201,-75.43800612505049
247,381.0,364.23015333487433,-70.27450628735113
248,382.0,363.32544039100173,-74.81133067230975
249,383.0,363.19879750710055,-75.43410604297611
250,384.0,363.28076361625676,-75.0383745259461
251,385.0,364.2090201463987,-70.38395041681866
252,386.0,361.23597267106226,-77.71854947748237
253,387.0,363.3254403910017,-74.81133067230991
254,388.0,361.2424432439004,-77.71013282677073
255,389.0,363.28076361625676,-75.03837452594615
256,390.0,363.28076361625676,-75.0383745259461
257,391.0,361.2920464576551,-77.47918889105995
258,392.0,361.1506056885447,-78.11428099451228
259,393.0,363.25016700019387,-75.17597359933761
260,394.0,363.1987975071005,-75.43410604297621
261,395.0,363.1987975071005,-75.4341060429761
262,396.0,362.2749589891713,-72.72176410048507
263,397.0,361.23597267106226,-77.71854947748228
264,398.0,364.21191548326044,-70.38005033474431
265,399.0,364.2131250191747,-70.37842103757377
266,400.0,363.32839029395143,-74.80743059023537
267,401.0,364.23944736702686,-70.26198091662897
268,402.0,361.1506056885447,-78.11428099451226
269,403.0,363.24583023099945,-75.20729808269091
270,404.0,362.19113894091225,-80.13270080180479
271,405.0,364.19495200555224,-70.46777844362826
272,406.0,363.2428753642629,-75.2111981647653
273,408.0,364.1683864164616,-70.60493750395537
274,410.0,362.19113894091225,-80.13270080180487
275,411.0,362.1881224323278,-80.13660088387915
276,412.0,363.2807636162567,-75.0383745259461
277,413.0,364.21191548326044,-70.3800503347443
278,414.0,363.2458302309994,-75.20729808269093
279,415.0,362.14044932035597,-80.36146981705507
280,416.0,364.17479550645,-70.5963122153077
281,418.0,363.32839029395143,-74.80743059023544
282,420.0,361.2424432439004,-77.71013282677067
283,421.0,363.32839029395143,-74.80743059023548
284,422.0,363.33491396509226,-74.79880530158785
285,423.0,363.3349139650923,-74.79880530158769
286,425.0,363.3254403910017,-74.81133067230991
287,426.0,362.2420881192307,-79.90206793397962
288,427.0,364.23944736702686,-70.26198091662894
289,428.0,363.32839029395143,-74.80743059023537
290,429.0,364.2330473318555,-70.27060620527662
291,430.0,361.16684323753304,-84.62967689257724
292,431.0,364.2771563721731,-70.04158914894876
293,432.0,362.2420881192307,-79.90206793397965
294,434.0,364.16838641646166,-70.60493750395544
295,435.0,363.19879750710055,-75.43410604297613
296,436.0,363.2778108471965,-75.04227460802042
297,438.0,362.14044932035597,-80.36146981705502
298,441.0,363.32839029395143,-74.80743059023541
299,443.0,363.32839029395143,-74.80743059023541
300,444.0,362.2933842664802,-79.66915702985257
301,445.0,364.16838641646166,-70.60493750395541
302,446.0,363.19879750710055,-75.43410604297613
303,447.0,363.32544039100173,-74.81133067230988
304,448.0,363.2428753642629,-75.21119816476535
305,449.0,363.32839029395143,-74.80743059023547
306,450.0,363.28076361625676,-75.03837452594607
307,451.0,364.218318481577,-70.37142504609653
308,452.0,364.1683864164617,-70.60493750395536
309,454.0,364.21191548326044,-70.38005033474428
310,456.0,364.2090201463987,-70.38395041681866
311,457.0,363.28076361625676,-75.0383745259461
312,458.0,364.2330473318555,-70.27060620527662
313,459.0,361.1506056885447,-78.11428099451224
