,t,x,y
0,0.0,409.9460324957935,-154.78165168566852
1,1.0,372.25251328144736,-181.8878241050562
2,2.0,410.9746991924835,-94.79630795888355
3,3.0,409.9460324957935,-117.48493976774559
4,4.0,409.9460324957935,-111.04535513730114
5,5.0,409.8979071047587,-111.66399542237764
6,6.0,409.8979071047587,-111.97331556491591
7,7.0,372.25251328144736,-182.50646439013272
8,8.0,410.9249071464458,-95.4837297737397
9,9.0,410.8537408547993,-108.55942116600326
10,10.0,408.88620162110703,-95.37932406567536
11,11.0,372.25251328144736,-170.8783937327195
12,12.0,410.8522548311562,-72.61370883039606
13,13.0,410.9259850256026,-120.01835626705592
14,14.0,410.9249071464458,-131.46751983712912
15,15.0,372.25251328144736,-195.4837297737397
16,16.0,408.88620162110703,-70.8783937327195
17,17.0,412.0160711556024,-133.12772839022998
18,18.0,410.9742910479972,-137.77130784005794
19,19.0,408.8872795002639,-106.53751175257199
20,20.0,410.9766208040728,-118.49124950218727
21,21.0,409.8979071047587,-118.13121905367085
22,22.0,409.9460324957935,-111.35467527983938
23,23.0,409.9013147399911,-111.66804339182254
24,24.0,409.9471103749503,-111.37692431713054
25,25.0,410.9259850256026,-124.68372010118874
26,26.0,410.9732131688404,-130.78986955325246
27,27.0,372.25466903976104,-194.8343856866658
28,28.0,372.25932855191223,-123.60916417625891
29,29.0,408.88768764475014,-70.89087123903118
30,30.0,409.8989849839155,-106.15389027265172
31,31.0,409.8989849839155,-112.01577486012008
32,32.0,372.2554853287336,-182.51522752497655
33,33.0,410.9732131688404,-94.80068952630546
34,34.0,409.9494401310259,-117.50853079914941
35,35.0,409.9494401310259,-111.05749904563578
36,36.0,408.88620162110703,-100.04402070385419
37,37.0,409.9475185194366,-105.5308684201533
38,38.0,408.9375571498126,-99.4462157435052
39,39.0,412.01947879083485,-132.85276533409208
40,40.0,410.9766208040728,-137.76929864999124
41,41.0,410.9249071464458,-131.10848443727775
42,42.0,372.25251328144736,-195.4837297737397
43,43.0,409.8989849839155,-82.5206174885341
44,44.0,372.25932855191223,-182.54286652582527
45,45.0,409.9494401310259,-81.91412111179226
46,46.0,411.9690673222459,-139.38813453796445
47,47.0,409.9460324957935,-125.1980395717187
48,48.0,410.9742910479972,-123.97776362050934
49,49.0,409.9471103749503,-117.54694212490871
50,50.0,410.9283147816782,-124.67361497223226
51,51.0,409.9475185194366,-117.84163237955316
52,52.0,409.8979071047587,-111.64445236041867
53,53.0,372.25251328144736,-182.50646439013272
54,54.0,409.8979071047587,-82.50646439013272
55,55.0,372.25251328144736,-182.50646439013272
56,56.0,410.9249071464458,-95.4837297737397
57,57.0,409.8989849839155,-118.47610135512076
58,58.0,372.2554853287336,-182.51522752497655
59,59.0,409.8993931284018,-82.49130289559568
60,60.0,410.8522548311562,-102.0610169432203
61,61.0,410.8522548311562,-97.13418222531092
62,62.0,372.25251328144736,-172.61370883039606
63,63.0,372.25251328144736,-123.57276204056637
64,64.0,408.88620162110703,-70.8783937327195
65,65.0,412.6663834997712,-111.65931298904518
66,66.0,411.9315374738535,-122.2102675642064
67,67.0,411.9315374738535,-114.83244247541211
68,68.0,410.9732131688404,-125.64047162618853
69,69.0,410.60612278918074,-115.30225070163851
70,70.0,410.9670686289375,-118.88255017929623
71,71.0,372.25251328144736,-195.18560640685436
72,72.0,372.25251328144736,-123.82268349519035
73,73.0,409.89298666816603,-82.70209392970179
74,74.0,413.037130909069,-155.42278525268893
75,75.0,372.21740549863125,-223.57261215030815
76,76.0,370.9379397297517,-124.62679406831664
77,77.0,372.2426724082621,-122.16861799927197
78,78.0,372.25251328144736,-121.88153528232164
79,79.0,412.98804661686023,-117.315283382059
80,80.0,370.88740066240126,-220.0563899272219
81,81.0,369.6596759092552,-124.04206382549746
82,82.0,415.3556559795089,-103.70130436424682
83,83.0,415.03615092712874,-120.40818385122455
84,84.0,414.5415232917352,-145.22383979795785
85,85.0,414.0805312098777,-145.54628148065524
86,86.0,414.08237797986646,-130.90553114256193
87,87.0,413.723234262091,-119.05664750555704
88,88.0,369.645754020731,-185.91124543847312
89,89.0,368.36356014811366,-127.03701609936103
90,90.0,414.4001121259459,-85.17591706560763
91,91.0,414.8742378190772,-125.19673649965358
92,92.0,365.6853256105928,-198.84221604823995
93,93.0,365.68629480374057,-121.51026091783076
94,94.0,414.8742378190772,-92.12609426618957
95,95.0,365.6853256105928,-189.8301283384518
96,96.0,415.9901104985614,-105.8260170398331
97,97.0,414.70001096273836,-150.16428125696552
98,98.0,415.7177746084081,-133.31221624130586
99,99.0,414.29092080043154,-126.34431154256868
100,100.0,362.98115203407684,-189.98521253911534
101,101.0,415.3009722018177,-74.2064803109998
102,102.0,415.18163519147356,-122.15163002331732
103,103.0,415.1111665516347,-127.25225912583036
104,104.0,413.5660982375378,-94.62755961640343
105,105.0,363.0291843175815,-149.91413006873032
106,106.0,363.0256967402318,-101.3180152824171
107,107.0,363.0228320839288,-101.33836628189663
108,108.0,415.7177746084081,-80.63190275220913
109,109.0,363.0256967402318,-180.61155175272958
110,110.0,363.2028418052766,-115.91784950589859
111,111.0,368.3744509434685,-126.04043333095906
112,112.0,368.36655239509304,-137.29318812262656
113,113.0,368.3790882641438,-135.51359827962153
114,114.0,368.1769613131989,-126.72314319223143
115,115.0,414.08237797986646,-96.18428687018661
116,116.0,414.04141248748226,-132.60599170423498
117,117.0,414.04141248748226,-132.33714050569296
118,118.0,414.04141248748226,-132.33714050569296
119,119.0,414.84685458135965,-137.21463226806367
120,120.0,413.72138304381326,-131.44564283126357
121,121.0,369.48347614976984,-181.38464292384037
122,122.0,369.65762456530416,-120.68360306380585
123,123.0,370.95056622678845,-117.0048273783944
124,124.0,369.50262075135333,-119.41604979832891
125,125.0,412.3263608420932,-83.35041114975189
126,126.0,413.3867766083333,-140.61440555222288
127,127.0,369.49007993368605,-201.37197092668202
128,128.0,413.3370135979558,-104.32336022952155
129,129.0,413.38063664810954,-152.99778688235392
130,130.0,411.5949288624481,-134.86383439854825
131,131.0,414.0820937372663,-136.5508660678384
132,132.0,412.9773343694227,-132.51835197631868
133,133.0,372.2426724082621,-190.4033583665648
134,134.0,412.2759971070907,-89.67572304100793
135,135.0,410.9732131688404,-122.96844446133834
136,136.0,411.9600956052344,-118.8379673971898
137,137.0,372.24022420164164,-183.69579998809152
138,138.0,409.94468618437395,-106.89590693956197
139,139.0,411.63478483867607,-136.00365494839343
140,140.0,410.6411778900199,-138.54902690435296
141,141.0,409.59534500488917,-108.57899937158179
142,142.0,373.57269386822185,-164.26781022717202
143,143.0,409.8979071047587,-81.21431277262352
144,144.0,408.96138078542003,-110.27569336040901
145,145.0,408.6891638027795,-137.78090678527565
146,146.0,408.92026254093525,-141.55788043102893
147,147.0,373.57269386822185,-200.87922117282017
148,148.0,409.71048230276654,-126.6845386955205
149,149.0,408.6891638027795,-160.93017777759832
150,150.0,373.5749042620653,-209.76877879213873
151,151.0,408.65377724776204,-110.01571304137536
152,152.0,373.5749042620653,-210.21660928367473
153,153.0,408.65377724776204,-110.21660928367473
154,154.0,407.6484467031472,-140.16427378297232
155,155.0,408.64677508547334,-146.9922266469867
156,156.0,406.9557997617232,-137.08486478049525
157,157.0,407.8751375799428,-113.59678809971832
158,158.0,407.6414445408585,-121.22931978426459
159,159.0,407.87487141756606,-119.4262100333785
160,160.0,408.69423713010144,-133.2331927223916
161,161.0,410.59413761398616,-152.58310724960148
162,162.0,373.55357189898547,-206.41013614925055
163,163.0,409.8376538439562,-74.08849228454984
164,164.0,411.2844683943391,-126.22357175910615
165,165.0,370.789803629995,-195.91216459779352
166,166.0,410.2172205135412,-82.9087177486491
167,167.0,370.92862911237404,-197.60438711197128
168,168.0,370.9496877813847,-130.9098848312008
169,169.0,372.25466903976104,-122.78431565039847
170,170.0,369.4881630606621,-113.52715635532677
171,171.0,369.4881630606621,-104.31630141140909
172,172.0,413.32314418435556,-67.00900222567218
173,173.0,413.3370135979558,-130.63520870569826
174,174.0,414.41629447676945,-159.7695625780808
175,175.0,412.2886974082629,-133.03824082747695
176,176.0,413.3009950868869,-105.33026499108352
177,177.0,370.92862911237404,-171.965356844805
178,178.0,414.7062185435044,-74.81536723915903
179,179.0,412.99759237578854,-115.27213014834136
180,180.0,414.66776835391,-103.62554978901044
181,181.0,412.27192188041533,-112.63603737458287
182,182.0,366.9475540821839,-182.928782777307
183,183.0,414.548253629628,-112.6387133247496
184,184.0,366.9439281012297,-210.46817345197738
185,185.0,366.9439281012297,-114.06824418981769
186,186.0,366.9439281012297,-113.0449846639799
187,187.0,414.4023811166205,-76.69745040785637
188,188.0,414.5871538007449,-137.76283171846512
189,189.0,415.58665907855595,-138.25654087892576
190,190.0,415.0318289912076,-169.18393996138093
191,191.0,414.91121057525254,-156.1867902482691
192,192.0,365.68629480374057,-200.1538668490647
193,193.0,415.88388643321696,-85.10995707202139
194,194.0,365.68629480374057,-183.71800862463795
195,195.0,414.9121914099336,-96.72121666153598
196,196.0,414.16190157837457,-128.50658737068895
197,197.0,414.3360872237355,-125.72339230358561
198,198.0,415.3040232835176,-125.06443632107364
199,199.0,364.4427843915887,-189.94268789326213
200,200.0,415.3040232835176,-89.94268789326213
201,201.0,364.4427843915887,-189.94268789326213
202,202.0,414.8390445060355,-121.43900844369428
203,203.0,414.68920153433317,-138.31009753929965
204,204.0,364.4398450092406,-191.9642454585863
205,205.0,415.85640860227187,-107.62985005247495
206,206.0,363.21019311216287,-213.9891407877708
207,207.0,414.6877276438047,-98.27948239658647
208,208.0,416.4248487429125,-136.07410832022777
209,209.0,414.1977635950243,-107.28846479424479
210,210.0,415.06485855855647,-117.80748994460629
211,211.0,413.71611593057946,-128.7048758848353
212,212.0,413.72126547455105,-135.26150794291215
213,213.0,361.799158347005,-196.37059663102437
214,214.0,361.799158347005,-126.72316214730654
215,215.0,415.15089121969294,-91.53848857059012
216,216.0,414.1335271234566,-142.8617199928568
217,217.0,361.799158347005,-206.39864240056545
218,218.0,363.2131408932198,-126.72316214730654
219,219.0,414.1641032741573,-115.09250998637414
220,220.0,363.21019311216287,-215.36885303218557
221,221.0,414.840518396564,-119.25403528470592
222,222.0,415.184761315371,-181.54432599942447
223,223.0,363.2131408932198,-237.79396735032307
224,224.0,361.78888409666337,-128.88836585593342
225,225.0,414.70001096273836,-114.32440559059987
226,226.0,364.4398450092406,-211.31814484635944
227,227.0,415.48067293791286,-116.01270582405812
228,228.0,413.1751789864379,-124.94185294573353
229,229.0,365.68629480374057,-171.09899799824848
230,230.0,365.6756156202122,-114.45405137079122
231,231.0,366.93777445216097,-119.37984811894769
232,232.0,366.9439281012297,-116.3858944769438
233,233.0,412.81570515509986,-95.05154788716482
234,234.0,413.02593396324244,-121.53236040187709
235,235.0,366.9252824181388,-174.80048990538907
236,236.0,366.9439281012297,-112.61199457405091
237,237.0,366.9410058818805,-119.91032193542196
238,238.0,412.4068523603524,-84.51283597685315
239,239.0,412.3233257758219,-116.87308069364056
240,240.0,368.21303346267126,-180.1630574674102
241,241.0,414.0805312098777,-94.14441334170938
242,242.0,412.3233257758219,-121.8087818025589
243,243.0,369.66061479872064,-190.1672335187628
244,244.0,369.66061479872064,-129.5446664395113
245,245.0,369.6375497888218,-133.43627425364073
246,246.0,413.35020828194126,-107.95859459226878
247,247.0,370.94758502014406,-200.93360937292394
248,248.0,412.32487023877104,-88.47177150013147
249,249.0,369.4997161973063,-182.6203708130649
250,250.0,412.69203337053585,-102.21917980411172
251,251.0,413.821714875672,-175.06177017017797
252,252.0,414.4651999863837,-182.84991434787094
253,253.0,370.80422624277594,-216.03871900053602
254,254.0,369.50262075135333,-110.70254790925414
255,255.0,369.4997161973063,-105.47591984367368
256,256.0,409.59681462676986,-85.04608616386697
257,257.0,409.59681462676986,-122.88471990218565
258,258.0,408.1606103381339,-97.58777536439521
259,259.0,409.54850860437523,-107.91657506054472
260,260.0,409.22044121282033,-109.97511243078982
261,261.0,409.22044121282033,-99.22065191882282
262,262.0,409.1663043434954,-100.61443026432066
263,263.0,409.12967192289216,-101.19785160238075
264,264.0,409.1966334608179,-102.52036741580913
265,265.0,409.16655227903254,-103.91471786029652
266,266.0,410.1935523207196,-117.74492152328371
267,267.0,407.2633687059299,-108.7084929523771
268,268.0,409.22044121282033,-105.5954791416898
269,269.0,410.5518482110484,-110.92894638566734
270,270.0,408.188659779672,-122.56592124161945
271,271.0,408.2253441416781,-126.90169455858482
272,272.0,408.84707034550746,-123.98462019359427
273,273.0,407.21646085173063,-108.92710813802128
274,274.0,408.84707034550746,-117.67575601128873
275,275.0,408.84707034550746,-118.38911680062743
276,276.0,408.84707034550746,-118.38911680062743
277,277.0,372.1061288905917,-177.31475416127367
278,278.0,408.8837547075135,-77.79204483530233
279,279.0,408.84707034550746,-118.62776213764177
280,280.0,408.89088060959915,-118.89365528600827
281,281.0,408.88402086989026,-119.0167804228298
282,282.0,410.59754941150686,-135.9966834851877
283,283.0,408.88402086989026,-132.35616806423803
284,284.0,408.2324380788041,-121.53597731276315
285,285.0,408.2324380788041,-126.92124753111521
286,286.0,409.2565787724954,-141.21152135467372
287,287.0,408.2795203644155,-133.4132520998939
288,288.0,408.22559207721514,-126.42275923609442
289,289.0,408.88977076548275,-123.9397155417046
290,290.0,408.188659779672,-120.81606967705092
291,291.0,407.87487141756606,-110.89450115821154
292,292.0,408.2253441416781,-114.38948212045894
293,293.0,408.1889077152091,-125.243057388416
294,294.0,409.1733982806214,-114.19493374457305
295,295.0,409.1260859936938,-106.588934406398
296,296.0,410.1558735764827,-115.53979589008124
297,297.0,370.8034956331729,-179.79412739164215
298,298.0,370.78263177159835,-99.84265811751875
299,299.0,369.4566801110343,-101.62557825583923
300,300.0,369.4881630606621,-102.6310224667821
301,301.0,370.94758502014406,-111.11934863528036
302,302.0,411.5949288624481,-82.88410361086031
303,303.0,413.3867766083333,-131.0963551486865
304,304.0,413.3867766083333,-145.6909794048226
305,305.0,412.23066516605945,-128.7177218938872
306,306.0,413.33109049505345,-133.29783999129006
307,307.0,413.723234262091,-128.20940348081825
308,308.0,368.3704610167247,-199.37485328961657
309,309.0,413.6275750689235,-96.00222028780273
310,310.0,366.94301610083465,-186.22890295209902
311,311.0,366.94301610083465,-121.03910486312304
312,312.0,365.6853256105928,-123.46804811916401
313,313.0,365.68629480374057,-127.84822061593906
314,314.0,365.68629480374057,-132.7149903407766
315,315.0,365.68629480374057,-132.46682243703094
316,316.0,365.68629480374057,-132.46682243703094
317,317.0,412.77658643270445,-104.88471321154069
318,318.0,413.8741541131941,-158.89263817202473
319,319.0,365.68629480374057,-222.68369278476985
320,320.0,365.68629480374057,-132.46682243703094
321,321.0,365.68629480374057,-132.46682243703094
322,322.0,366.9439281012297,-126.57690360944487
323,323.0,366.93777445216097,-119.54077059151291
324,324.0,365.68629480374057,-118.04934532765014
325,325.0,415.65886556743175,-134.33447767318046
326,326.0,364.26518246737606,-225.77586396904906
327,327.0,414.1641204251727,-84.27465668569192
328,328.0,414.2043386851234,-122.77606512080573
329,329.0,364.2660685357698,-181.7808044628356
330,330.0,364.2696201609724,-99.03830597039682
331,331.0,413.20583043128113,-96.17535633213475
332,332.0,364.2660685357698,-196.2085818798007
333,333.0,413.85783440443333,-68.96375376837496
334,334.0,364.2696201609724,-172.50618462101056
335,335.0,364.2660685357698,-106.15988414285071
336,336.0,413.21155565969684,-94.63502239915132
337,337.0,365.68629480374057,-201.85261217765523
338,338.0,364.4398450092406,-119.37199349191701
339,339.0,413.18931595322704,-87.70558915340216
340,340.0,412.2379393777937,-127.90596558982186
341,341.0,364.4427843915887,-201.15063623296055
342,342.0,412.2379393777937,-99.27380336187443
343,343.0,414.33783521176474,-133.00546611864118
344,344.0,364.4427843915887,-200.03895579928403
345,345.0,414.29092080043154,-100.56508917609989
346,346.0,364.44628036764726,-200.42754689698094
347,347.0,363.2131408932198,-136.7273204207229
348,348.0,361.77838050125405,-133.31074737850173
349,349.0,361.799158347005,-129.57912007575518
350,350.0,361.799158347005,-120.50541838367586
351,351.0,413.72126547455105,-93.93740029005406
352,352.0,361.799158347005,-198.0033327954974
353,353.0,363.2131408932198,-136.38268246100563
354,354.0,414.0881740942765,-116.99662928501152
355,355.0,363.2131408932198,-217.10127780514404
356,356.0,360.3924861039723,-121.38205803881333
357,357.0,363.0076770922983,-117.00092140695403
358,358.0,364.25541491011,-101.78882079197838
359,359.0,364.2660685357698,-102.16439019128377
360,360.0,368.3790882641438,-115.7380640395731
361,361.0,369.65762456530416,-128.9815747208978
362,362.0,409.9132542897779,-84.30001077767794
363,363.0,412.99759237578854,-115.05345772474598
364,364.0,414.41673369947137,-154.1239652041774
365,365.0,411.9326679275302,-125.59313306546086
366,366.0,412.5760092948477,-99.06556170799921
367,367.0,412.85296032315466,-159.35048064622816
368,368.0,411.9697378192194,-165.67692669234924
369,369.0,412.5760092948477,-112.46601402465002
370,370.0,412.99759237578854,-109.95920855662602
371,371.0,411.36360702495074,-132.274277626712
372,372.0,413.28981567392094,-115.378568370235
373,373.0,412.538594626808,-99.9724706495322
374,374.0,409.9117975644655,-93.68654386332283
375,375.0,410.9094786318808,-112.03803636261176
376,376.0,414.3659195351453,-122.51322779395454
377,377.0,413.3867766083333,-138.1509673517598
378,378.0,412.5770651888541,-114.84515541989678
379,379.0,413.3867766083333,-124.35781643979186
380,380.0,413.3867766083333,-144.4022730297322
381,381.0,412.2511686674047,-106.1482105586103
382,382.0,413.24925382076776,-99.89214334388204
383,383.0,413.38782798895363,-131.6770072606687
384,384.0,413.3009950868869,-118.25460431148835
385,385.0,412.27529768530474,-117.02133619177962
386,386.0,412.5770651888541,-107.7000333164612
387,387.0,413.24925382076776,-98.97471798950261
388,388.0,412.57934301217983,-102.18991228906557
389,389.0,413.3009950868869,-98.35019299801267
390,390.0,413.3009950868869,-105.23134476824487
391,391.0,412.528653126681,-102.45418951932653
392,392.0,412.6638980909208,-121.2515404231691
393,393.0,413.32928414457933,-111.68687232900282
394,394.0,413.38782798895363,-131.52145465879698
395,395.0,413.38782798895363,-144.30112339797535
396,396.0,411.47779072140463,-103.18392487168394
397,397.0,412.5770651888541,-89.00380009976894
398,398.0,412.27634906592505,-110.03385568900171
399,399.0,412.27678828862696,-122.93816648536372
400,400.0,413.2503052013881,-111.91772163964083
401,401.0,412.2545452244215,-93.39376757459958
402,402.0,412.6638980909208,-121.77372192876645
403,403.0,413.3380649785761,-138.12959955861828
404,404.0,414.41629447676945,-163.05873623973304
405,405.0,412.29568852504144,-114.81211398546988
406,406.0,413.3370135979558,-125.78095215964176
407,407.0,370.9496877813847,-204.29549028600073
408,408.0,412.32592161939135,-88.49105005307891
409,409.0,370.9496877813847,-188.45733350915995
410,410.0,414.41629447676945,-121.81230986066768
411,411.0,414.41524309614914,-171.8845791149044
412,412.0,413.3009950868869,-127.50528379032963
413,413.0,412.27634906592505,-116.98761964786067
414,414.0,413.3380649785761,-137.9382414140416
415,415.0,414.466251367004,-162.15860875360374
416,416.0,412.32824679578783,-138.0840783493038
417,417.0,369.5063836319705,-181.6526934847093
418,418.0,413.2503052013881,-71.21982273103028
419,419.0,369.4997161973063,-171.17397972403379
420,420.0,412.57934301217983,-67.06998320271995
421,421.0,413.2503052013881,-99.01361363421043
422,422.0,413.25263037778456,-106.26473159543228
423,423.0,413.25263037778456,-106.34124334121378
424,424.0,369.4877022674982,-171.12596625547863
425,425.0,413.24925382076776,-71.12142692650684
426,426.0,414.3659195351453,-119.30926208039955
427,427.0,412.2545452244215,-99.90144420960966
428,428.0,413.2503052013881,-99.86750545790669
429,429.0,412.25222004802504,-93.35551170170882
430,430.0,415.396320498543,-129.26763982792335
431,431.0,412.2017206194374,-108.70758068386789
432,432.0,414.3659195351453,-113.1132199442753
433,433.0,370.94758502014406,-191.14550498622975
434,434.0,412.32592161939135,-88.52476659699786
435,435.0,413.38782798895363,-136.80688161322485
436,436.0,413.2999437062666,-118.2883208554073
437,437.0,370.9353050996965,-177.40045194530032
438,438.0,414.466251367004,-120.8796197837458
439,439.0,370.9496877813847,-220.9121823745384
440,440.0,370.94758502014406,-121.80263752787005
441,441.0,413.2503052013881,-78.13015171620964
442,442.0,370.94758502014406,-178.13015171620964
443,443.0,413.2503052013881,-78.13015171620964
444,444.0,414.31503576978935,-119.9722340541692
445,445.0,412.32592161939135,-123.49396976914359
446,446.0,413.38782798895363,-136.80688161322485
447,447.0,413.24925382076776,-118.95174149160508
448,448.0,413.3370135979558,-132.4929639240895
449,449.0,413.2503052013881,-119.376578095275
450,450.0,413.3009950868869,-105.56305508634375
451,451.0,412.2786742423216,-117.02587552075141
452,452.0,412.32592161939135,-122.24402947082025
453,453.0,370.9543381341777,-188.53384525494144
454,454.0,412.27634906592505,-89.23208461757125
455,455.0,370.9496877813847,-189.15557287178976
456,456.0,412.27529768530474,-89.18928941570871
457,457.0,413.3009950868869,-111.17691529589068
458,458.0,412.25222004802504,-93.02380138360994
459,459.0,412.6638980909208,-121.69721018298492
