,t,x,y
0,0.0,479.28995907093446,-141.02061096852572
1,1.0,480.5250990629012,-68.99111768758733
2,2.0,479.2511348366553,-76.7880262251402
3,3.0,479.28995907093446,-83.7291689936474
4,4.0,479.28995907093446,-83.44391373729884
5,5.0,479.2830342640464,-83.44857674661068
6,6.0,480.5649766555986,-103.0007485882782
7,7.0,480.4852924872426,-79.31506746269953
8,8.0,480.51817425601314,-62.04098309452671
9,9.0,480.5250990629012,-61.77404568135523
10,10.0,480.5250990629012,-61.76471966273154
11,11.0,479.28995907093446,-76.2175157124431
12,12.0,480.51817425601314,-68.99578069689917
13,13.0,480.5250990629012,-61.77404568135523
14,14.0,480.5250990629012,-61.76471966273154
15,15.0,480.5355542528398,-61.73384998874654
16,16.0,480.603974640243,-95.06070773120592
17,17.0,480.5250990629012,-78.4505778849215
18,18.0,480.4852924872426,-62.30792050769817
19,19.0,480.4852924872426,-62.57952093018146
20,20.0,480.5250990629012,-62.03632008521487
21,21.0,481.84336743901383,-78.89524337777117
22,22.0,480.5250990629012,-70.33697603421913
23,23.0,480.51817425601314,-61.76938267204338
24,24.0,480.47836768035455,-62.32190953563371
25,25.0,480.5250990629012,-62.04564610383855
26,26.0,480.25860893977347,-81.71526494222438
27,27.0,479.2272591898454,-64.61563051913943
28,28.0,480.5355542528398,-54.05313470461739
29,29.0,480.49030612046124,-62.2194786374711
30,30.0,479.17568792444524,-47.23875509164153
31,31.0,480.47836768035455,-54.94749805644818
32,32.0,479.187626364552,-47.27012062321044
33,33.0,480.51817425601314,-54.34156614834373
34,34.0,480.51817425601314,-61.77870869066709
35,35.0,479.2153207497387,-46.52408821143701
36,36.0,480.5301126961199,-54.12003291948312
37,37.0,479.2153207497387,-46.4613571482992
38,38.0,480.49030612046124,-54.66323376444977
39,39.0,480.5301126961199,-61.95621251844365
40,40.0,480.47836768035455,-62.259178472495876
41,41.0,480.5301126961199,-62.01894358158148
42,42.0,480.51817425601314,-61.715977627529256
43,43.0,479.187626364552,-46.998520200727135
44,44.0,480.4907439124024,-53.8659917569194
45,45.0,480.49574767718116,-62.04159514265693
46,46.0,480.5250990629012,-61.974580737244864
47,47.0,477.93420167052875,-32.62342056959695
48,48.0,481.8607474358404,-64.2960556618748
49,49.0,480.5355542528398,-70.23504099364045
50,50.0,480.49574767718116,-62.21531148574317
51,51.0,480.5250990629012,-61.974580737244864
52,52.0,479.2830342640464,-76.52639577649924
53,53.0,450.43219393499345,-146.59260171982763
54,54.0,479.1640989579761,-46.57468768931163
55,55.0,480.627580601457,-102.09958449646574
56,56.0,477.65442060521093,-67.88403547566449
57,57.0,478.71895480565246,-50.401823188419876
58,58.0,478.7141961590778,-61.56196937239224
59,59.0,456.4464417498834,-133.12255026653392
60,60.0,476.0448609609808,-22.243584559697695
61,61.0,478.26769710900646,-56.136132432020986
62,62.0,476.98972923391295,-45.22712524419343
63,63.0,478.2316369477884,-51.50282932905824
64,64.0,477.02922922793425,-46.62193515090467
65,65.0,476.95503712981196,-42.58877400874829
66,66.0,475.77706079998086,-54.719186073693635
67,67.0,476.95503712981196,-48.8351648353384
68,68.0,475.77706079998086,-54.719186073693635
69,69.0,475.7326598672058,-60.87292676266149
70,70.0,475.7820482007656,-60.8788487985435
71,71.0,476.9609851787387,-48.91269465214191
72,72.0,475.8571059426953,-56.37079722165632
73,73.0,474.8138862769829,-68.67265416614659
74,74.0,472.41974189171265,-54.55467832773624
75,75.0,474.76886340333795,-67.25108219341018
76,76.0,473.559213230351,-81.9610707421386
77,77.0,473.6039407988549,-69.25407133225045
78,78.0,473.63388580326057,-69.9364208402495
79,79.0,473.6014968984825,-69.63162960477632
80,80.0,474.719664878839,-56.8161868900986
81,81.0,473.6014968984825,-63.12021742807351
82,82.0,473.6014968984825,-69.42424796604843
83,83.0,474.66388022040906,-74.42487966400813
84,84.0,475.8245381316678,-72.2247730300324
85,85.0,475.822015636028,-66.07323426361773
86,86.0,474.80089076961826,-71.2229399094752
87,87.0,477.0009163415299,-89.24420452850077
88,88.0,477.986613494401,-63.48874237199574
89,89.0,476.8532761913556,-71.39129293177285
90,90.0,477.0009163415299,-86.02325454594616
91,91.0,476.88775801567783,-73.96427739431964
92,92.0,475.77453830434115,-71.99133325540659
93,93.0,478.2369800952672,-90.1703132336796
94,94.0,476.9525146341722,-61.019139757642435
95,95.0,473.6768351308017,-24.84328161562165
96,96.0,475.8903169982848,-49.115464310701
97,97.0,477.17721916455145,-51.79788429199888
98,98.0,477.0661337802986,-55.0244747305272
99,99.0,475.9930335347349,-54.20562128231232
100,100.0,478.38215994774805,-68.17921829220685
101,101.0,454.4652123924196,-152.1421207183304
102,102.0,476.2771438447248,-16.300345673016693
103,103.0,452.39005539336694,-97.6229617519765
104,104.0,481.1577608961962,-42.0132512645643
105,105.0,480.2656722873403,-95.70626373627879
106,106.0,480.2083131930849,-74.15326921389648
107,107.0,480.27615718210075,-88.9032491905482
108,108.0,479.06063044523574,-66.09620604226377
109,109.0,480.6906812485276,-64.29352725567475
110,110.0,482.81666166287687,-78.66792562206274
111,111.0,448.4704955180923,-160.87840573443586
112,112.0,480.79145456442603,-21.884555208976543
113,113.0,480.3969564756473,-17.371110662375777
114,114.0,446.39432659201356,-79.6345083820487
115,115.0,480.1846991549071,-38.51190109554699
116,116.0,478.8745381621978,-71.41741700756296
117,117.0,479.23852466161486,-82.63472877175603
118,118.0,476.9285276029299,-77.03905437190502
119,119.0,479.2441147719901,-82.01412052325685
120,120.0,480.51222584043387,-85.16832468697685
121,121.0,478.2381640259165,-88.35033607979305
122,122.0,478.23303209935005,-86.20410123377454
123,123.0,478.2381640259165,-86.1550041907038
124,124.0,478.2765086998195,-86.85764313051907
125,125.0,479.24935673898256,-91.72965069008332
126,126.0,479.2441147719901,-101.72342863136734
127,127.0,480.5069838734414,-85.11586508229544
128,128.0,478.23303209935005,-88.1963198273595
129,129.0,478.23303209935005,-86.10590714763308
130,130.0,479.5395957236226,-70.19844624863057
131,131.0,479.2441147719901,-83.39668968752841
132,132.0,480.51222584043387,-85.16832468697685
133,133.0,480.2230438288101,-89.60056619858676
134,134.0,480.2230438288101,-89.09722135271574
135,135.0,479.2441147719901,-92.96876161564178
136,136.0,479.20158797531394,-67.11425329632308
137,137.0,479.54444564093706,-60.19318630022916
138,138.0,480.5455464696962,-62.69165539382131
139,139.0,481.88728248537143,-92.76226613494195
140,140.0,480.55078843668866,-83.18154262645322
141,141.0,481.8691330295246,-92.76939146227552
142,142.0,480.642915473569,-122.21152005569103
143,143.0,480.6102349855264,-131.62569619605745
144,144.0,479.2779645898711,-109.35638057478191
145,145.0,477.89258843455707,-78.70101514652602
146,146.0,479.59254822077844,-105.33343841213538
147,147.0,478.2602778251231,-93.61636174339999
148,148.0,478.1710046167756,-48.833943667479254
149,149.0,478.2602778251231,-65.82174984500851
150,150.0,479.52336484892624,-66.23061460407415
151,151.0,478.2284544150492,-73.93310263099356
152,152.0,479.5298861127553,-66.07456548774587
153,153.0,479.48480225267144,-57.52648628853181
154,154.0,481.9170979729697,-82.91091197222187
155,155.0,479.48480225267144,-77.83819014034196
156,156.0,479.52336484892624,-57.70195208302566
157,157.0,479.48480225267144,-57.429740440823615
158,158.0,479.52336484892624,-57.70195208302566
159,159.0,478.13339598767527,-40.162775535091235
160,160.0,479.5298861127553,-49.116842554013566
161,161.0,476.8749016698092,-54.93337060554728
162,162.0,480.89941120822175,-76.41170762744945
163,163.0,479.5298861127553,-68.02569334203983
164,164.0,479.48480225267144,-57.52648628853181
165,165.0,480.89941120822175,-77.7082654689417
166,166.0,480.89941120822175,-87.98363380410177
167,167.0,479.52336484892624,-67.97732041818573
168,168.0,479.48480225267144,-57.429740440823615
169,169.0,479.57107620917,-56.53615759373655
170,170.0,479.46353913631094,-24.29874632024986
171,171.0,479.57107620917,-40.13408028208323
172,172.0,479.57107620917,-55.96941424391662
173,173.0,479.57107620917,-55.96941424391662
174,174.0,479.57107620917,-55.96941424391662
175,175.0,480.9156420829181,-75.03144284262633
176,176.0,480.9473108868368,-82.44672224593727
177,177.0,480.91001506042005,-80.81537262597215
178,178.0,481.9145311241816,-83.6110126565941
179,179.0,479.9959775042366,-92.03298231024074
180,180.0,478.6371541703867,-70.64228970242564
181,181.0,478.61043659211947,-59.89459167054584
182,182.0,478.6761190147518,-58.853585192592774
183,183.0,481.03626230231924,-82.88931289443967
184,184.0,478.6451499920811,-78.2942368293707
185,185.0,479.71879522487325,-101.73281493377196
186,186.0,479.6231440716259,-91.98206611178801
187,187.0,477.7244491299,-70.16697135283461
188,188.0,480.1310268461443,-93.62191520856102
189,189.0,478.63120985655667,-84.9524022410431
190,190.0,481.0296582102113,-80.00131031035589
191,191.0,481.0613697090644,-101.66682040799357
192,192.0,479.99056553978426,-95.47667912508518
193,193.0,478.7140926278819,-74.95664528530003
194,194.0,479.6600276246524,-81.4818215532723
195,195.0,480.12666748464903,-96.4922246376619
196,196.0,479.99056553978426,-105.23933189423838
197,197.0,480.02786136620097,-84.81621801057591
198,198.0,480.05296877294614,-85.39828604848854
199,199.0,479.08369969498347,-89.13173405243174
200,200.0,479.6762930179776,-83.28096302767692
201,201.0,479.58904727155857,-69.52406957035501
202,202.0,480.9473108868368,-69.7419237844353
203,203.0,479.6318781459785,-99.52779309535563
204,204.0,482.2163669499112,-73.0653508347755
205,205.0,480.4727387434772,-26.659229745490457
206,206.0,481.9584763877557,-70.82162158816251
207,207.0,481.95182695059833,-95.6998756266855
208,208.0,478.27538581483344,-85.70971748549555
209,209.0,480.9570204977041,-76.91053844034447
210,210.0,479.58078582003725,-59.21579651428258
211,211.0,480.9570204977041,-69.11501095962377
212,212.0,481.96821321077016,-84.12189875158595
213,213.0,481.9629712437777,-94.28513521239431
214,214.0,480.93927481232635,-89.03829726951311
215,215.0,480.9570204977041,-78.84011667731181
216,216.0,479.5756538934708,-59.16697899284973
217,217.0,481.96821321077016,-74.12504926337904
218,218.0,480.95188857113766,-89.18075457677408
219,219.0,480.0464920764931,-81.60038109579226
220,220.0,480.5755922729315,-69.4269150115103
221,221.0,481.95182695059833,-80.68931684119266
222,222.0,481.0296582102113,-95.23302450284669
223,223.0,479.67791585876216,-85.06532048487102
224,224.0,479.5505524329364,-65.2853690565401
225,225.0,479.6534235325445,-55.37451827690393
226,226.0,480.5755922729315,-70.3003295697217
227,227.0,478.6451499920811,-60.18705423178653
228,228.0,480.58224171008885,-59.417541307724015
229,229.0,480.99236238379467,-84.72485549748268
230,230.0,479.6534235325445,-84.52995466508703
231,231.0,479.5750447591541,-65.39601068328774
232,232.0,480.5755922729315,-50.81055289069227
233,233.0,480.94078962300773,-75.60107960815608
234,234.0,479.5645549453409,-55.55550449338817
235,235.0,481.01540731281324,-75.13914694781394
236,236.0,480.5612779103692,-80.02931156568403
237,237.0,481.9145311241816,-79.97412416420966
238,238.0,479.73059253792513,-113.58192949310933
239,239.0,482.35249502618814,-128.31996983879017
240,240.0,478.2231091237626,-50.95560895708299
241,241.0,480.61122889232854,-43.18581721487691
242,242.0,480.51480362754944,-30.70867090138605
243,243.0,480.83275447925524,-26.65895702813119
244,244.0,480.94078962300773,-59.12696380654131
245,245.0,480.5857702365869,-62.69659562808351
246,246.0,481.5220512929221,-62.48129614838349
247,247.0,444.48071672949396,-124.54222729389748
248,248.0,481.2714225206156,-55.46082139704944
249,249.0,446.28128398814346,-158.9377823858964
250,250.0,482.858395063643,-46.48492825959892
251,251.0,482.89404055327947,-99.80208585475872
252,252.0,480.2470231962848,-71.98320909353771
253,253.0,481.5863956126061,-72.44548257033533
254,254.0,480.3512556206394,-94.55546594187206
255,255.0,481.5465890369475,-87.74294195603062
256,256.0,481.62271311743115,-114.37623397682691
257,257.0,479.2153207497387,-78.18228969606923
258,258.0,481.46389590946103,-59.828160056812166
259,259.0,478.9242705021266,-61.3438702310443
260,260.0,478.8888755655178,-62.6249441745031
261,261.0,481.07084800290966,-76.75463604075897
262,262.0,480.7771159290678,-82.25049688857844
263,263.0,480.81560283802287,-68.020457093099
264,264.0,478.4145835156543,-51.18102456849093
265,265.0,479.7028542363731,-47.383121813443616
266,266.0,479.7100192614753,-54.247170945485195
267,267.0,480.74784085517274,-62.059853226100486
268,268.0,480.74784085517274,-74.74861830013012
269,269.0,480.9508400154253,-84.30242555903318
270,270.0,479.6804856384218,-65.91375350074776
271,271.0,479.7040470216497,-59.01245323500851
272,272.0,479.4666106528806,-69.4233276245848
273,273.0,458.42651026109826,-130.9542184678882
274,274.0,477.1097091716514,-34.60840841291247
275,275.0,475.9028894356277,-64.69882666228699
276,276.0,474.7059049758177,-57.26568513790236
277,277.0,475.9322830130064,-63.804845223289625
278,278.0,477.0732304105738,-75.81321440545655
279,279.0,476.9921910964149,-85.73918144400523
280,280.0,478.2868521559413,-101.17121366471204
281,281.0,458.4440724951585,-165.19986825822573
282,282.0,473.55759455810886,-47.53861757025902
283,283.0,473.5551506577364,-76.9344265799007
284,284.0,473.4147724497565,-68.005350904729
285,285.0,474.71467747805434,-67.70197858599191
286,286.0,474.6496098051976,-50.38072195969915
287,287.0,474.61779928976307,-53.50508146883959
288,288.0,474.61779928976307,-53.32438273661482
289,289.0,474.61779928976307,-53.32438273661482
290,290.0,476.93894446357984,-62.89214152087983
291,291.0,473.2568627796664,-49.07328312873521
292,292.0,474.4738434785842,-56.90291791057173
293,293.0,472.26402652219906,-55.377793052814624
294,294.0,473.41626347144086,-47.44846482464363
295,295.0,472.23128658183697,-52.5346835598622
296,296.0,472.2772319689856,-57.27396315690362
297,297.0,474.5929776523001,-59.204734421727366
298,298.0,473.4609163492929,-70.87728844400812
299,299.0,472.26402652219906,-64.20422898332859
300,300.0,472.4009769277388,-65.09958639267711
301,301.0,475.72184532301657,-75.62278282255478
302,302.0,474.518127559116,-69.54271089670523
303,303.0,475.6894564182385,-76.07262772092179
304,304.0,474.61779928976307,-62.162941456178736
305,305.0,474.64708730955783,-59.119524440178495
306,306.0,473.4609163492929,-70.32576228042787
307,307.0,475.8245381316678,-77.56858892809558
308,308.0,475.9198080278078,-106.56501778333427
309,309.0,473.4609163492929,-90.86469478133542
310,310.0,474.5121850789775,-82.00330818048971
311,311.0,473.43606205568506,-87.67197336848676
312,312.0,474.5920201679851,-40.22297556412177
313,313.0,473.3561127511707,-66.23848222911468
314,314.0,472.34420786718727,-40.80615081901864
315,315.0,474.69626912518714,-67.45819871803015
316,316.0,474.66388022040906,-94.93638565404169
317,317.0,472.2772319689856,-68.26253232034101
318,318.0,473.4609163492929,-67.65402497388935
319,319.0,473.4925513612866,-74.34481348903547
320,320.0,472.2772319689856,-61.53133295827149
321,321.0,475.8245381316678,-69.24965419387941
322,322.0,475.8245381316678,-76.35952631933505
323,323.0,474.66388022040906,-88.60502682316952
324,324.0,475.8245381316678,-82.48227657125229
325,325.0,474.66388022040906,-88.60502682316952
326,326.0,475.8245381316678,-82.48227657125229
327,327.0,475.8245381316678,-76.35952631933505
328,328.0,474.61779928976307,-63.330199388268895
329,329.0,474.63740458012785,-56.71291489792684
330,330.0,474.518127559116,-63.2963139877112
331,331.0,473.4496686085382,-63.89863186494435
332,332.0,474.65263247965436,-86.72987817847019
333,333.0,474.65263247965436,-93.64529081492259
334,334.0,473.6532283657242,-98.26383367800992
335,335.0,474.65263247965436,-102.8823765410973
336,336.0,474.66388022040906,-93.55659067479753
337,337.0,475.67793709080223,-88.82577130271743
338,338.0,475.6894564182385,-79.63036621631666
339,339.0,474.6850213844324,-84.48422326656456
340,340.0,474.65263247965436,-93.79544317543937
341,341.0,474.6850213844324,-94.06220123777574
342,342.0,474.66388022040906,-93.76504588622413
343,343.0,474.66388022040906,-93.37919039454746
344,344.0,473.6532283657242,-98.08643339775985
345,345.0,474.69626912518714,-103.09398112200577
346,346.0,474.6850213844324,-94.0349533180424
347,347.0,475.88663871703454,-109.20310779395157
348,348.0,475.6894564182385,-96.45623535384047
349,349.0,475.72184532301657,-79.75353713186878
350,350.0,474.6850213844324,-84.63437562708134
351,351.0,474.65263247965436,-93.79544317543937
352,352.0,474.66388022040906,-93.55659067479753
353,353.0,473.6532283657242,-98.08643339775985
354,354.0,476.8501143294972,-85.91170621180947
355,355.0,475.72184532301657,-73.63354503457276
356,356.0,475.6894564182385,-79.60338477135201
357,357.0,474.6518095412145,-84.98935517919608
358,358.0,473.4614723801428,-56.41377266388154
359,359.0,474.54144839747903,-26.897995316537376
360,360.0,475.8458582019406,-82.7026415048197
361,361.0,474.70104180707364,-68.45374281384426
362,362.0,474.7533823075046,-79.91239672147746
363,363.0,475.8245381316678,-60.56290649451121
364,364.0,473.57755420094395,-52.760388928053764
365,365.0,474.6065515490084,-41.24607808878788
366,366.0,475.81329039091304,-64.0874709617288
367,367.0,476.8894738748535,-50.06526652858031
368,368.0,475.8545834470556,-107.38302403229935
369,369.0,474.7533823075046,-65.64282316221926
370,370.0,472.41974189171265,-40.24485521631708
371,371.0,474.6065515490084,-29.631526400821052
372,372.0,475.8458582019406,-89.15147357157355
373,373.0,474.7971665211412,-29.810021388989483
374,374.0,475.8458582019406,-97.53682289591833
375,375.0,473.4614723801428,-27.094690365030097
376,376.0,477.0511264486353,-91.16393133778126
377,377.0,475.81329039091304,-46.37301330004493
378,378.0,473.61155344466295,-62.2461487981829
379,379.0,474.63836206444284,-58.34658608939395
380,380.0,474.7533823075046,-59.301987665888575
381,381.0,475.81233290659804,-60.60036944842601
382,382.0,473.5784539810344,-23.06580598822096
383,383.0,473.7786338219331,-84.08576363132777
384,384.0,474.6055940646934,-56.814865323752365
385,385.0,473.557859868209,-45.99431796689017
386,386.0,474.8439211452677,-56.939619518822155
387,387.0,478.0037861043062,-60.211958901304136
388,388.0,475.873991015182,-62.686062722988765
389,389.0,476.9407634443753,-66.78026952434956
390,390.0,475.9297898123589,-26.017441548989048
391,391.0,476.90607134027425,-30.053340629054063
392,392.0,473.73307050354094,-42.21772644107062
393,393.0,474.5246469312094,-52.077731772528416
394,394.0,477.1621038391745,-53.62277855303962
395,395.0,478.296607834307,-65.2654937528373
396,396.0,474.81135333424015,-88.36233524496538
397,397.0,478.9065505199445,-77.11610077903137
398,398.0,478.9065505199445,-69.07293530956659
399,399.0,477.61987417112596,-54.23120376757196
400,400.0,477.59724718056884,-19.77401070317371
401,401.0,481.15727159932476,-65.27601312879273
402,402.0,478.96296053248653,-60.93069450773945
403,403.0,452.4884426194589,-127.30339775468246
404,404.0,483.17275374233213,-73.03283995409095
405,405.0,482.20236163466865,-105.16958907886459
406,406.0,483.43793821843326,-88.56928588375291
407,407.0,482.43423426715424,-65.23124598403132
408,408.0,481.82006713352536,-71.53778884083225
409,409.0,480.77436083151287,-45.48957604878765
410,410.0,481.75014199861903,-35.89136120562183
411,411.0,480.6978420792266,-22.270719446529526
412,412.0,482.1200777194344,-36.580781151213145
413,413.0,479.75299245659073,-43.164682770752286
414,414.0,479.7836282823407,-24.985634720996337
415,415.0,481.0394154885888,-40.44592950731313
416,416.0,479.75299245659073,-32.99229980969172
417,417.0,479.7885193316164,-24.908002423936843
418,418.0,479.79381716430305,-24.596748284975966
419,419.0,479.7061148549809,-24.806801445598573
420,420.0,481.0770241176891,-40.976347304985815
421,421.0,479.75299245659073,-33.23672267052313
422,422.0,480.8157694144539,-30.16570355693463
423,423.0,480.72135069697663,-30.270577255129332
424,424.0,480.74847354388464,-20.87590982894517
425,425.0,480.70463239028743,-31.183309681576524
426,426.0,480.70463239028743,-12.520927185004886
427,427.0,480.7851622635322,-22.018396374683547
428,428.0,482.13840358326127,-56.13742524295256
429,429.0,480.70463239028743,-39.04685228236951
430,430.0,479.74769462390407,-16.791752741898286
431,431.0,480.77494470674156,-30.59110498868285
432,432.0,481.1233275092329,-51.042879006434724
433,433.0,480.7851622635322,-38.23099899816244
434,434.0,480.77494470674156,-41.04439225425336
435,435.0,479.79381716430305,-35.37412797838902
436,436.0,480.738255987094,-29.98687028153686
437,437.0,479.7428035746284,-35.706033067332505
438,438.0,481.1131386272707,-40.711096920074276
439,439.0,481.0770241176891,-48.76915074299881
440,440.0,482.06666557142637,-53.6643855769041
441,441.0,482.1144917573173,-64.39315320351854
442,442.0,479.75299245659073,-43.635604592397165
443,443.0,481.11802967654626,-40.46794276458956
444,444.0,482.0339618840726,-44.34306059198643
445,445.0,480.7558831037951,-19.8227169328959
446,446.0,481.0823219503758,-32.230541231476195
447,447.0,479.79381716430305,-32.8113212387749
448,448.0,481.065390539507,-40.90692432131541
449,449.0,480.768068530619,-38.45110443420943
450,450.0,480.7851622635322,-40.97192338544282
451,451.0,479.75299245659073,-35.835967832798964
452,452.0,479.74769462390407,-25.431957278771826
453,453.0,483.3967481220186,-54.42655102043012
454,454.0,479.7428035746284,-33.50892514892397
455,455.0,482.13840358326127,-45.83940257150102
456,456.0,479.7428035746284,-43.39531013632241
457,457.0,479.7061148549809,-25.125490044048313
458,458.0,480.768068530619,-30.474201046882683
459,459.0,479.71100590425647,-35.304469049842304
460,460.0,479.73606104572184,-25.14185876764916
461,461.0,481.7080117222516,-25.527621508847176
462,462.0,481.0823219503758,-41.970569737181556
463,463.0,481.75014199861903,-33.8050205433867
464,464.0,479.71630373694313,-26.197533561839542
465,465.0,481.71345327897154,-25.343557942507665
466,466.0,483.3967481220186,-55.3517791049399
467,467.0,480.74847354388464,-38.2171257818345
468,468.0,483.4566344326774,-74.16016526894042
469,469.0,480.8259869712445,-57.135446298509606
470,470.0,481.0823219503758,-51.28207461197085
471,471.0,482.1144917573173,-54.220727221441145
472,472.0,481.07213306841356,-59.42644972819914
473,473.0,479.8134251798715,-64.11349395037911
474,474.0,482.02717157301163,-52.3602379314498
475,475.0,480.6978420792266,-20.393293846698732
476,476.0,482.01266004359707,-28.210190022875665
477,477.0,481.065390539507,-40.375073779457935
478,478.0,483.06901630246557,-49.77523204080445
479,479.0,483.4282893932132,-72.6773106126828
480,480.0,480.77494470674156,-57.16612981073565
481,481.0,480.84556631198467,-71.20393867953683
482,482.0,482.10986016264377,-70.78866996932531
483,483.0,481.11802967654626,-58.21013352061981
484,484.0,483.50804208588266,-70.84770355414071
485,485.0,481.065390539507,-67.85156162848895
486,486.0,479.8134251798715,-64.12476977555009
487,487.0,482.1935474088743,-96.45250123182079
488,488.0,481.065390539507,-76.86326282368476
489,489.0,480.8557838687753,-69.21936304747169
490,490.0,481.8103084139236,-82.45795213182592
491,491.0,479.80668265096494,-72.80109653184576
492,492.0,481.13325048482045,-90.47420411324208
493,493.0,478.3483276391445,-61.88758329159729
494,494.0,481.10639609836414,-41.9504586043107
495,495.0,481.97145619063565,-44.193632672061206
496,496.0,481.2609847265478,-89.24762223787505
497,497.0,481.1940829314684,-79.92970837425068
498,498.0,482.19835259308826,-92.01403093899779
499,499.0,482.5262640687099,-115.55723057475865
500,500.0,483.80053965985974,-96.44818965131483
501,501.0,481.4475682563584,-69.6096174178789
502,502.0,480.1238113653627,-48.59560409029714
503,503.0,482.82262490129597,-74.95907041515525
504,504.0,481.47617159751337,-73.31989747165554
505,505.0,481.9215928289917,-82.38084087646905
506,506.0,481.9584763877557,-95.49688009780566
507,507.0,483.3524334056488,-120.66520977675845
508,508.0,480.50365933437007,-59.33229798302539
509,509.0,481.9584763877557,-72.96857985586539
510,510.0,481.8673033604897,-63.382169511119265
511,511.0,480.2465536799083,-72.99691683308805
512,512.0,481.86065392333234,-52.68028342016955
513,513.0,480.5755922729315,-61.083927439289525
514,514.0,480.58224171008885,-68.69420775370124
515,515.0,481.517361693928,-64.18320995054366
516,516.0,481.8853004279297,-44.78235738442508
517,517.0,480.5755922729315,-61.24667964025245
518,518.0,481.51066611700287,-64.19950361656609
519,519.0,481.51066611700287,-55.19969241442265
520,520.0,481.51066611700287,-55.19969241442265
521,521.0,480.58224171008885,-59.694396551557794
522,522.0,480.58224171008885,-68.6838048258281
523,523.0,480.58224171008885,-68.6838048258281
524,524.0,480.5755922729315,-68.68900628976466
525,525.0,483.24805622706367,-71.39162244224039
526,526.0,480.58224171008885,-70.03251217009769
527,527.0,480.5755922729315,-68.68900628976466
528,528.0,482.55855229167264,-78.39582518348895
529,529.0,482.15595748312967,-72.7328930509352
530,530.0,483.8840924356042,-80.28809659479676
531,531.0,481.56884737027883,-76.42996923608102
532,532.0,480.17454468433203,-55.597039411774105
533,533.0,480.1807690535294,-35.356562520630895
534,534.0,482.18623153289434,-44.893857677696005
535,535.0,480.98623495203407,-63.99102430988242
536,536.0,479.6968819965475,-56.19517336224267
537,537.0,478.4477437936114,-36.24256646381517
538,538.0,479.7040470216497,-47.064404233047654
539,539.0,480.7569911835111,-80.89039710507167
540,540.0,478.26769710900646,-56.28020752780061
541,541.0,480.64606568059116,-41.85233698765635
542,542.0,480.72568392719177,-43.069090513683044
543,543.0,480.79218890696995,-72.7162749368942
544,544.0,479.6547846667184,-63.225325866327246
545,545.0,478.46343873289675,-69.99708355815721
546,546.0,480.7425694949827,-68.12946394688947
547,547.0,479.8381112955056,-77.04815347835763
548,548.0,478.6126653723445,-47.8773354417525
549,549.0,479.96268991216266,-54.974033136766245
550,550.0,478.562362955675,-48.1272292987373
551,551.0,479.92403600854175,-55.68742652761886
552,552.0,477.3905450260803,-34.58845050557151
553,553.0,478.50877684698753,-52.04138322950773
554,554.0,478.4977917961304,-75.85357338897427
555,555.0,479.3439125003812,-67.14031734863346
556,556.0,480.51243581257097,-53.23155917626207
557,557.0,480.6911374931067,-55.4985266241202
558,558.0,478.296607834307,-62.8482942083598
559,559.0,478.4744237837539,-94.18596403818988
560,560.0,478.2855914453042,-81.73405211932646
561,561.0,479.54752402931763,-100.07038165621125
562,562.0,479.48507563843873,-96.65400655218099
563,563.0,479.3103748348028,-66.30144396908901
564,564.0,479.3103748348028,-69.2814779925767
565,565.0,479.482553142799,-78.17698157904528
566,566.0,479.482553142799,-74.42420610182359
567,567.0,479.48507563843873,-74.47490723896314
568,568.0,477.0339130967275,-47.01444534280164
569,569.0,479.48507563843873,-60.71932572231262
570,570.0,480.7569911835111,-90.93082656525077
571,571.0,478.42513621688465,-77.89786050191215
572,572.0,478.2316369477884,-50.21892065402438
573,573.0,479.48507563843873,-67.17727091525835
574,574.0,478.23415944342815,-59.98103686583268
575,575.0,479.47382789768403,-67.36675834918675
576,576.0,479.482553142799,-74.70177869540127
577,577.0,478.23415944342815,-59.879634591553554
578,578.0,478.23415944342815,-52.683400542127885
579,579.0,477.00116289378,-39.34539793840914
580,580.0,478.23415944342815,-45.93834753455917
581,581.0,478.23415944342815,-52.683400542127885
582,582.0,479.482553142799,-67.22797205239792
583,583.0,478.2316369477884,-59.828933454414
584,584.0,478.2316369477884,-52.531297130709206
585,585.0,478.23415944342815,-52.58199826784876
586,586.0,478.23415944342815,-52.683400542127885
587,587.0,479.48507563843873,-67.27867318953747
588,588.0,479.482553142799,-74.5256083761027
589,589.0,478.462449910436,-79.17302647928102
590,590.0,478.2316369477884,-69.3265742093289
591,591.0,478.23415944342815,-52.63611598219934
592,592.0,478.23415944342815,-52.84575368517963
593,593.0,478.23415944342815,-52.84575368517963
594,594.0,478.2229117026734,-53.22072501068728
595,595.0,478.27068606327265,-56.59104282821351
596,596.0,479.5194287016724,-76.17737493906914
597,597.0,479.2597356412576,-65.74499400191765
598,598.0,475.99278698248474,-71.49911290070358
599,599.0,477.0511264486353,-91.81700319455919
600,600.0,477.0511264486353,-82.37409360035241
601,601.0,475.8245381316678,-68.18306148977453
602,602.0,477.0511264486353,-75.27857754506346
603,603.0,477.08447815132854,-82.80471114996895
604,604.0,476.0147986868252,-61.78050781931087
605,605.0,477.0511264486353,-79.12626436943606
606,606.0,477.0398787078806,-82.46245110849812
607,607.0,477.0511264486353,-82.55080861664379
608,608.0,478.2316369477884,-69.38420025051664
609,609.0,479.3439125003812,-66.55875798466383
610,610.0,454.34449602779523,-130.95305558068458
611,611.0,456.4001222044597,-65.3125728852526
612,612.0,481.1378656515288,-13.224153599308707
613,613.0,452.318664857974,-114.68176398734504
614,614.0,480.4587960850031,-21.23204172090535
615,615.0,480.7978676668407,-67.16345856975849
616,616.0,483.32524618380444,-69.93104465932116
617,617.0,483.4180718364226,-82.21600800114263
618,618.0,478.8375588936183,-45.51086969825092
619,619.0,481.51066611700287,-57.84265583214851
620,620.0,446.5391548400285,-148.91842464705516
621,621.0,481.4962871771438,-48.87666207346517
622,622.0,482.4853753434264,-79.27420083183523
623,623.0,481.1725523939342,-73.52620434850849
624,624.0,483.4881571951586,-80.06968535448061
625,625.0,482.51004133869435,-85.41507383370808
626,626.0,483.46143961689137,-89.97725471416217
627,627.0,483.4312720886121,-80.65339177552941
628,628.0,482.10907938474065,-63.25660298590929
629,629.0,483.4349892373413,-71.704972556472
630,630.0,483.44975825655484,-80.49977418947655
631,631.0,483.4617068156085,-80.90170398174482
632,632.0,483.46143961689137,-80.6471209880425
633,633.0,484.82580461585036,-100.83703779574917
634,634.0,483.4312720886121,-90.87083460715655
635,635.0,483.44975825655484,-80.84221252911306
636,636.0,483.44975825655484,-80.58940880084754
637,637.0,483.47647583482205,-80.9465212874303
638,638.0,483.44975825655484,-80.76796504413892
639,639.0,483.44975825655484,-80.58940880084754
640,640.0,483.44813376433467,-80.51276363420389
641,641.0,483.4312720886121,-80.562520331693
642,642.0,483.44975825655484,-80.84221252911306
643,643.0,482.09739802440413,-63.03500870236921
644,644.0,482.09739802440413,-54.25780865313004
645,645.0,483.45798966687937,-72.2957231023239
646,646.0,482.09739802440413,-63.466368673926105
647,647.0,482.07891185646145,-54.38421051726281
648,648.0,481.1315468350771,-59.20356199580603
649,649.0,483.4312720886121,-81.32450984456209
650,650.0,481.14624897864303,-68.03002830121555
651,651.0,481.1200724774434,-68.08938479596037
652,652.0,482.07147075564035,-63.10207965041761
653,653.0,482.09739802440413,-54.01419812500348
654,654.0,482.10907938474065,-54.226599208404615
655,655.0,482.4986092107938,-76.49200573273833
656,656.0,482.04130322736114,-72.28345903031224
657,657.0,482.48390706722773,-76.57677045560868
658,658.0,483.46143961689137,-89.94409858494305
659,659.0,480.77878535082056,-47.60329919874564
660,660.0,481.14624897864303,-51.248153258096295
661,661.0,482.1144917573173,-63.70706477775401
662,662.0,481.10681440704093,-58.48460899130515
663,663.0,481.14624897864303,-68.13790258223897
664,664.0,481.1200724774434,-68.08938479596037
665,665.0,480.18837092601143,-97.17959670458303
666,666.0,481.0509458857399,-65.05655088529696
667,667.0,479.73606104572184,-23.18137609394531
668,668.0,482.41775077165767,-48.62004098891621
669,669.0,483.44975825655484,-70.33222988643564
670,670.0,482.41775077165767,-75.46081934364159
671,671.0,483.44975825655484,-70.33222988643564
672,672.0,480.77878535082056,-47.6657180881965
673,673.0,480.768068530619,-30.893138605366786
674,674.0,482.09739802440413,-46.451409262055705
675,675.0,481.0509458857399,-49.09028649321499
