,t,x,y
0,0.0,448.76045842393904,-38.44600543521613
1,1.0,448.1769304511172,-44.73794128257473
2,2.0,448.7773160463749,-38.24872522059743
3,3.0,448.7604584239391,-38.44600543521609
4,4.0,448.7604584239391,-38.4460054352161
5,5.0,448.74388487863956,-38.47719458451658
6,6.0,448.13595641823593,-45.00814686455528
7,7.0,448.1971732153952,-44.534686487250106
8,8.0,448.15989744670617,-44.76913043187522
9,9.0,448.17693045111713,-44.737941282574795
10,10.0,448.1769304511172,-44.73794128257472
11,11.0,448.76045842393904,-38.44600543521612
12,12.0,448.15989744670617,-44.76913043187519
13,13.0,448.17693045111713,-44.737941282574795
14,14.0,448.1769304511172,-44.73794128257472
15,15.0,448.20264282117625,-44.69084956314084
16,16.0,448.11590589133476,-45.20734018117913
17,17.0,448.17693045111713,-44.73794128257479
18,18.0,448.1971732153952,-44.53468648725011
19,19.0,448.1971732153952,-44.53468648725016
20,20.0,448.1769304511172,-44.73794128257474
21,21.0,447.4301967854277,-51.55373627218345
22,22.0,448.1769304511172,-44.73794128257477
23,23.0,448.15989744670617,-44.769130431875155
24,24.0,448.1801551249407,-44.56587563655058
25,25.0,448.17693045111713,-44.737941282574795
26,26.0,451.26095683140267,-33.35244839838743
27,27.0,448.8017814399148,-38.079365853149994
28,28.0,448.20264282117625,-44.690849563140866
29,29.0,448.2094930611157,-44.51210461567404
30,30.0,448.790315318081,-37.931801905075226
31,31.0,448.18015512494077,-44.56587563655052
32,32.0,448.81881857131924,-37.87803088419868
33,33.0,448.15989744670617,-44.76913043187519
34,34.0,448.15989744670617,-44.76913043187516
35,35.0,448.77325298107417,-38.13313687402653
36,36.0,448.1892610941992,-44.71535941099866
37,37.0,448.77325298107417,-38.13313687402651
38,38.0,448.2094930611157,-44.51210461567408
39,39.0,448.1892610941992,-44.71535941099863
40,40.0,448.18015512494077,-44.565875636550565
41,41.0,448.1892610941992,-44.715359410998644
42,42.0,448.15989744670617,-44.76913043187519
43,43.0,448.8188185713192,-37.878030884198694
44,44.0,448.1944066997365,-44.562519922686505
45,45.0,448.22286306963053,-44.487594767816255
46,46.0,448.17693045111713,-44.73794128257481
47,47.0,449.277663600444,-31.640949871878373
48,48.0,447.4741987618612,-51.475455403449146
49,49.0,448.20264282117625,-44.69084956314086
50,50.0,448.22286306963053,-44.48759476781625
51,51.0,448.17693045111713,-44.73794128257481
52,52.0,448.7438848786395,-38.47719458451658
53,54.0,448.81478070878256,-37.8065734511341
54,55.0,448.1037241083003,-45.32792913139448
55,56.0,451.8824813052716,-20.812662773238298
56,57.0,454.20936649144693,-15.985787363556568
57,58.0,454.1851108500104,-16.064594657624703
58,60.0,456.3972256302057,6.702732515980946
59,61.0,458.47133397313047,5.476839116656214
60,62.0,458.3515296982275,11.825187740848813
61,63.0,458.46440524394603,5.632290276148388
62,64.0,458.3037154126281,11.343370086836396
63,65.0,458.3470630820836,11.997066551451205
64,66.0,458.1576635264945,17.818956023149628
65,67.0,458.3470630820836,11.997066551451182
66,68.0,458.1576635264945,17.818956023149628
67,69.0,458.14909759128136,18.037855141508505
68,70.0,458.1586192599037,17.794365391049155
69,71.0,458.3478334312135,11.967599204688007
70,72.0,458.17284519559576,17.424229313922144
71,73.0,456.2986976109506,12.961180993159052
72,74.0,455.8134339123903,24.71046578238187
73,75.0,456.2879636813461,13.159137539663513
74,76.0,455.998345221222,18.642838470492332
75,77.0,456.01122284690456,18.446471593513923
76,78.0,456.0131816556893,18.276335162853044
77,79.0,456.0067820965603,18.43531807888907
78,80.0,456.19594789201903,12.934581463344601
79,81.0,456.0067820965603,18.435318078889043
80,82.0,456.0067820965603,18.435318078889026
81,83.0,457.91188897462996,23.29510200659366
82,84.0,458.1667087608086,17.584846462219726
83,85.0,458.16210381481994,17.57328078129095
84,86.0,456.29687277005917,13.0252660031037
85,87.0,458.3485270816406,11.745692467051194
86,88.0,460.33659127403223,17.164264559479307
87,89.0,460.09362381396085,22.765029527778886
88,90.0,458.3485270816406,11.745692467051128
89,91.0,460.10200498776555,22.59500497679363
90,92.0,458.1530643994862,17.80739034222094
91,93.0,458.44457859309307,5.503385272477892
92,94.0,458.3423189476646,11.985500870522436
93,95.0,454.2880911544782,8.54021840577523
94,96.0,456.33472724545584,7.2077120714513505
95,97.0,456.47602829692806,1.2264956254859563
96,98.0,458.4708140214318,12.042403870604053
97,99.0,456.42701819462354,7.132371004929384
98,100.0,456.4655827624151,-4.727868577500701
99,102.0,452.1666547567349,-13.826198848600349
100,104.0,453.60794897568604,-28.311175042123605
101,105.0,451.2774831067682,-33.320486830315886
102,106.0,451.32728585337793,-32.928422285163485
103,107.0,451.3020105154081,-33.27304095987086
104,108.0,448.89778290011446,-37.1475684325808
105,109.0,444.8978050533882,-55.485548720117166
106,110.0,450.105131414175,-46.41344254834398
107,112.0,445.0757439552123,-55.27732903537213
108,113.0,448.24175096536396,-44.083750637771686
109,115.0,438.79641373177935,-71.19006317258652
110,116.0,439.8190222308909,-64.49942194994267
111,117.0,436.1951622473769,-75.33359641196765
112,118.0,434.5405843348,-73.06676103308845
113,119.0,436.1901812029572,-75.36243187761417
114,120.0,435.02647753594505,-81.8695044037824
115,121.0,433.3536710596978,-79.80518016381613
116,122.0,433.33906953626547,-79.82779326018712
117,123.0,433.3536710596978,-79.80518016381612
118,124.0,433.31719621892086,-80.00299033704395
119,125.0,436.2048287772024,-75.33922789692329
120,126.0,436.1901812029572,-75.36243187761418
121,127.0,435.01144195277476,-81.89270838447318
122,128.0,433.3390695362655,-79.82779326018701
123,129.0,433.3390695362655,-79.82779326018711
124,130.0,432.06006710290694,-86.53536512274877
125,131.0,436.1901812029572,-75.36243187761416
126,132.0,435.02647753594505,-81.8695044037824
127,133.0,438.7642753661124,-71.38787334581433
128,134.0,438.7642753661124,-71.38787334581426
129,135.0,436.1901812029572,-75.36243187761418
130,136.0,436.23838465040234,-75.11609513237957
131,137.0,432.05503034917564,-86.56050919367779
132,138.0,434.9737607917339,-82.09261683654682
133,139.0,433.6205399744855,-89.01617392861064
134,140.0,434.9888083412585,-82.06941285585594
135,141.0,433.5669826791337,-89.0965115849881
136,142.0,434.8351197636901,-82.70463850071145
137,143.0,434.89298370040405,-82.47123429170829
138,144.0,436.1433874651664,-75.58013844818926
139,145.0,437.3188021203604,-68.4520055911499
140,146.0,431.94056065934524,-86.96560339422487
141,147.0,433.2709745147291,-80.07450755070587
142,148.0,433.3558267777934,-79.61401581484373
143,149.0,433.2709745147292,-80.07450755070585
144,150.0,432.01262950103467,-86.60688233641064
145,151.0,433.3260438369409,-79.84796372324725
146,152.0,432.03169067660974,-86.57814868217989
147,153.0,432.0526576478643,-86.406973884337
148,154.0,433.5494202988766,-89.26540156155562
149,155.0,432.0526576478643,-86.40697388433708
150,156.0,432.0126295010346,-86.60688233641073
151,157.0,432.05265764786424,-86.40697388433712
152,158.0,432.0126295010346,-86.60688233641073
153,159.0,433.39141277237957,-79.42006957685211
154,160.0,432.03169067660974,-86.5781486821799
155,161.0,434.52789385203147,-72.94637469366656
156,162.0,430.51686322541616,-93.75977066407225
157,163.0,432.0316906766098,-86.57814868217984
158,164.0,432.0526576478643,-86.406973884337
159,165.0,430.5168632254162,-93.75977066407218
160,166.0,430.5168632254162,-93.7597706640721
161,167.0,432.0126295010346,-86.60688233641075
162,168.0,432.05265764786424,-86.40697388433712
163,169.0,431.98883838574693,-86.79171094209671
164,170.0,432.1004699233634,-86.23422447109967
165,171.0,431.98883838574693,-86.79171094209669
166,172.0,431.98883838574693,-86.79171094209666
167,173.0,431.98883838574693,-86.79171094209666
168,174.0,431.98883838574693,-86.79171094209666
169,175.0,430.5656537246179,-93.68825345041031
170,176.0,430.4894567935962,-93.94671451241858
171,177.0,430.5318350193697,-93.75231524062576
172,178.0,433.525397904579,-89.31611266234418
173,179.0,427.7792678571971,-97.73221252262978
174,180.0,429.29329689024377,-90.75950686075122
175,181.0,429.32255918220244,-90.62098552623426
176,182.0,429.2505317081925,-90.96155159591166
177,183.0,430.75687290968017,-93.55469647778499
178,184.0,429.258170545896,-90.86296597290026
179,185.0,432.15388134452223,-86.7865353334868
180,186.0,432.30403755315,-86.16714725181163
181,187.0,426.498800862183,-94.89424344683657
182,188.0,427.90949677533234,-97.77786982282561
183,189.0,429.2167203970619,-90.92412908961765
184,190.0,430.73703317782946,-93.58380682907627
185,191.0,430.7284257013036,-93.68558098690232
186,192.0,427.74540449809155,-97.7951520846801
187,193.0,429.6105055061308,-90.21248808094688
188,194.0,432.24883789025154,-86.39969290746305
189,195.0,428.00271483044116,-97.5559098402566
190,196.0,427.74540449809155,-97.79515208468014
191,197.0,427.7009126310801,-97.98955135647299
192,198.0,427.6709049094272,-98.12043586559021
193,199.0,424.95329973508746,-101.76609603902605
194,200.0,432.14934978341444,-86.68410788526839
195,201.0,431.9442155326331,-86.94744840608801
196,202.0,430.4894567935963,-93.94671451241854
197,203.0,431.89944357137114,-87.16957473322391
198,204.0,428.8999681142972,-100.77600785976902
199,205.0,435.0448199045673,-81.71520660549822
200,206.0,433.5049575805981,-89.48107906413284
201,207.0,433.485301783953,-89.51051193413687
202,208.0,433.29876268442786,-80.04628673143704
203,209.0,430.5186671370621,-93.90393095298741
204,210.0,432.0172387762471,-86.74892738266564
205,211.0,430.5186671370621,-93.90393095298742
206,212.0,433.5337355699078,-89.43797868609462
207,213.0,433.51824311352425,-89.46118266678542
208,214.0,430.46527736707617,-93.98212252512401
209,215.0,430.5186671370621,-93.90393095298734
210,216.0,432.0022286125877,-86.77154047903639
211,217.0,433.5337355699078,-89.43797868609462
212,218.0,430.5032288918301,-93.92654404935841
213,219.0,427.6510937832553,-98.14885405233933
214,220.0,434.90137830498264,-82.35550836381506
215,221.0,433.485301783953,-89.51051193413701
216,222.0,430.73703317782946,-93.58380682907612
217,223.0,432.2041333839583,-86.55580706851488
218,224.0,431.9287908378901,-86.88213886591173
219,225.0,432.2295485256878,-86.42880325875434
220,226.0,434.9013783049827,-82.35550836381506
221,227.0,429.258170545896,-90.8629659729003
222,228.0,434.9204858950945,-82.32607549381095
223,229.0,430.7792232774928,-93.38940755728339
224,230.0,432.2295485256878,-86.42880325875436
225,231.0,431.90322469210844,-87.00914267567232
226,232.0,434.9013783049827,-82.3555083638151
227,233.0,430.4698354801513,-93.9754481666493
228,234.0,431.96976111358435,-86.82044459632758
229,235.0,430.69421344830965,-93.64662076249529
230,236.0,434.86023739287174,-82.41886602983394
231,237.0,433.52539790457894,-89.3161126623442
232,238.0,432.17553045037056,-86.76563646927112
233,239.0,428.840577262068,-101.24714838889939
234,240.0,433.34849553025936,-79.77660800640959
235,241.0,434.90934764882405,-82.43318290622409
236,242.0,435.0038090792458,-81.93324357624175
237,243.0,430.58610626957324,-93.4269739456921
238,244.0,430.4698354801513,-93.97544816664944
239,245.0,434.8361472042696,-82.5458698395945
240,246.0,437.5984395359469,-78.15723551737125
241,248.0,441.37511194783895,-67.3915106423685
242,250.0,449.97552220788384,-46.97184584823437
243,251.0,450.0640042478805,-46.81056563345416
244,252.0,451.2137771798603,-33.47580335392885
245,253.0,450.7603275632691,-39.94655235462934
246,254.0,451.2737159836758,-33.6546165072708
247,255.0,450.7782938974317,-39.7432975593048
248,256.0,450.71379625360663,-40.2330146577545
249,257.0,448.7732529810742,-38.13313687402653
250,258.0,450.5791107279661,-40.11743782841752
251,259.0,451.5240882821084,-27.282267294461043
252,260.0,451.53486287196995,-27.10335807435916
253,261.0,456.21246381171034,-17.898103498044957
254,262.0,458.5595696910419,-6.589278512665138
255,263.0,458.55674711739306,-6.78286220309078
256,264.0,456.4330541374213,-5.030236884838648
257,265.0,456.2999910904024,-11.561674490675658
258,266.0,456.3151532166912,-11.528969475170383
259,267.0,458.5729146386536,-6.391364982130894
260,268.0,458.5729146386536,-6.391364982130859
261,269.0,456.126900370534,-17.73359500965453
262,270.0,456.3434747050758,-11.275049812974553
263,271.0,456.3159111378126,-11.498931898213035
264,272.0,458.4666030598207,-0.685566992213201
265,274.0,458.3465994632421,11.123244570733188
266,275.0,458.16287257741135,17.09134286452584
267,276.0,456.1788334909904,12.919136982558097
268,277.0,456.3102100046232,6.857439107388343
269,278.0,458.34217545850555,11.304070296249831
270,279.0,458.3320943117373,11.705688066696373
271,280.0,458.45121700653067,5.273844378533493
272,282.0,456.0019649877221,18.673928454287353
273,283.0,455.99752971072235,18.662774939662455
274,284.0,457.55981821514655,29.41041646650917
275,285.0,456.19525000741766,12.959172095445027
276,286.0,457.90832046963993,23.36514255220863
277,287.0,457.90032792660634,23.5212569076966
278,288.0,457.90032792660634,23.52125690769655
279,289.0,457.90032792660634,23.52125690769655
280,290.0,460.01828487962166,21.749652268223592
281,291.0,458.8245830345055,39.888499775287336
282,292.0,459.3014602298466,33.95966787001288
283,293.0,457.16495968141714,35.01656010089636
284,294.0,457.56028615927255,29.403135405193133
285,295.0,457.15274454611136,35.17567335203862
286,296.0,457.16987127735916,34.9523767153869
287,297.0,457.8770299568477,23.53629637802108
288,298.0,457.5742474771903,29.185062746112337
289,299.0,457.16495968141714,35.01656010089636
290,300.0,455.7348414789891,24.336432333032597
291,301.0,459.71243907999707,27.848945513806427
292,302.0,459.3174017146997,33.7433681360968
293,303.0,459.7027804529572,28.007928429842348
294,304.0,457.90032792660634,23.521256907696603
295,305.0,457.90385892319927,23.353576871279845
296,306.0,457.5742474771903,29.18506274611232
297,307.0,458.16670876080866,17.584846462219705
298,308.0,458.18450298470987,17.114936940166604
299,309.0,457.5742474771902,29.185062746112276
300,310.0,459.36526345983833,34.13626680440626
301,311.0,457.54941623335066,29.190881485718567
302,312.0,457.8753380931871,23.531906498258998
303,313.0,458.9119206145944,39.76907218797654
304,314.0,455.7018525653229,24.499210120675095
305,315.0,457.9199491562243,23.136119090557706
306,316.0,457.91188897463,23.295102006593677
307,317.0,457.16987127735916,34.95237671538682
308,318.0,457.5742474771903,29.185062746112358
309,319.0,457.58407696255125,29.03054171284813
310,320.0,457.1698712773592,34.95237671538692
311,321.0,458.1667087608086,17.58484646221974
312,322.0,458.16670876080866,17.584846462219694
313,323.0,457.91188897463,23.29510200659368
314,324.0,458.1667087608086,17.584846462219712
315,325.0,457.91188897463,23.29510200659368
316,326.0,458.1667087608086,17.584846462219712
317,327.0,458.16670876080866,17.584846462219694
318,328.0,457.90032792660634,23.52125690769657
319,329.0,457.8867303868121,23.30918259116308
320,330.0,459.3174017146997,33.74336813609688
321,331.0,457.55499277621965,29.13349266482873
322,332.0,457.8919851154147,23.24353192531007
323,333.0,457.8919851154147,23.24353192531012
324,334.0,456.1007247437917,18.671436537532948
325,335.0,457.8919851154146,23.243531925310034
326,336.0,457.91188897463,23.295102006593655
327,337.0,459.6829283920976,27.9548768955083
328,338.0,459.7027804529572,28.007928429842384
329,339.0,457.9000277422316,23.084549009274163
330,340.0,457.8919851154147,23.243531925310155
331,341.0,457.9000277422316,23.08454900927414
332,342.0,457.91188897463,23.29510200659372
333,343.0,457.91188897463,23.295102006593677
334,344.0,456.1007247437917,18.671436537532966
335,345.0,457.9199491562243,23.136119090557738
336,346.0,457.9000277422316,23.08454900927413
337,347.0,458.1783617095718,17.27856194665086
338,348.0,459.7027804529572,28.007928429842377
339,349.0,459.71243907999707,27.848945513806434
340,350.0,457.9000277422316,23.084549009274102
341,351.0,457.8919851154147,23.243531925310155
342,352.0,457.91188897463,23.295102006593655
343,353.0,456.1007247437917,18.671436537532966
344,354.0,460.0151130071746,22.297672885468383
345,355.0,459.71243907999707,27.84894551380639
346,356.0,459.7027804529572,28.007928429842377
347,357.0,457.90887122925363,23.354346305608562
348,358.0,457.5744206858584,29.18234698944794
349,359.0,459.39676411562226,34.14574420254512
350,360.0,458.15229184244475,17.372659232638544
351,361.0,457.9992259468935,23.60098681405728
352,362.0,456.185403432516,12.685027421628103
353,363.0,458.16670876080866,17.58484646221966
354,364.0,455.98637390277287,18.461217267690582
355,365.0,457.8804490361738,23.469686826412996
356,366.0,458.14617321183397,17.53327638093614
357,367.0,460.0851028902829,22.47896080925662
358,368.0,458.16823625677523,17.412663632993326
359,369.0,456.185403432516,12.685027421628092
360,370.0,455.8134339123902,24.710465782381867
361,371.0,457.8804490361738,23.469686826413035
362,372.0,458.15229184244475,17.37265923263848
363,373.0,456.2108744745841,12.575598900842413
364,374.0,458.15229184244475,17.372659232638497
365,375.0,457.5744206858584,29.182346989448003
366,376.0,458.3592780108101,11.52094194154131
367,377.0,458.14617321183397,17.53327638093609
368,378.0,456.07461159173,18.771916625225128
369,379.0,457.8884243436833,23.313572470925074
370,380.0,456.185403432516,12.685027421628096
371,381.0,458.1444248219356,17.528886501174075
372,382.0,455.9880086725814,18.465323511617036
373,383.0,454.27776063423454,7.937551016895122
374,384.0,457.87875654653254,23.46529694665098
375,385.0,456.00201830295896,18.672626494616868
376,386.0,456.29848799097334,12.789001462536433
377,387.0,460.23702133191404,16.48496262976353
378,388.0,458.27811627323496,17.93529886877835
379,389.0,458.25930334756555,11.600701591338575
380,390.0,456.33083976916566,6.976557327769196
381,391.0,458.2549200310753,11.772580401940964
382,392.0,454.2737788449886,8.162253175137359
383,393.0,457.8728232620856,23.954358422778142
384,394.0,456.35933454965516,0.7399306725590359
385,395.0,458.5906009191994,5.930223353691057
386,396.0,456.29395796908284,12.949618610833982
387,397.0,451.57506823710327,-27.023402723408168
388,398.0,451.5750682371033,-27.023402723408207
389,399.0,451.8904498263938,-20.63892434263833
390,400.0,451.92168616656926,-20.422931240663694
391,401.0,453.6068296769115,-28.31339884795453
392,402.0,451.7433269147738,-26.61891316223449
393,404.0,446.6458107351044,-58.227148473400504
394,405.0,444.09566052544835,-62.58862267506589
395,406.0,442.9193420335472,-69.60396586017006
396,407.0,440.2874264672926,-73.74341412018555
397,408.0,447.481203243689,-51.31909850142908
398,409.0,445.03176517238126,-55.35399069580607
399,410.0,447.53912954095784,-50.90784415278185
400,411.0,444.85497636467255,-55.63659505489727
401,412.0,444.1735050263858,-62.11198270177621
402,413.0,442.399046091649,-59.86362335824139
403,414.0,442.3439055811769,-60.11858670070615
404,415.0,441.43479045290695,-66.53145728969788
405,416.0,442.3990460916489,-59.863623358241476
406,417.0,442.3567444880638,-60.09675230172293
407,418.0,442.3706498743783,-60.07310141900909
408,419.0,442.397775302909,-59.720881429666825
409,420.0,441.40551600015124,-66.72540352768951
410,421.0,442.3990460916489,-59.8636233582415
411,422.0,445.0273955549509,-55.50034668774765
412,423.0,444.89529031602336,-55.591692414563056
413,424.0,445.1030755253239,-55.056817202489306
414,425.0,444.87246899574257,-55.60615222898481
415,426.0,444.87246899574257,-55.606152228984804
416,427.0,445.07975243814735,-55.245044412761004
417,428.0,444.10263823159073,-62.37133166878615
418,429.0,444.8724689957425,-55.60615222898494
419,430.0,442.38515279706365,-59.88727424095545
420,431.0,445.0534699599105,-55.290868626979915
421,432.0,441.38779604653865,-66.91324895383245
422,433.0,445.07975243814735,-55.24504441276108
423,434.0,445.05346995991044,-55.29086862697997
424,435.0,442.3706498743783,-60.073101419009014
425,436.0,445.0768138038473,-55.10264141670834
426,437.0,442.37232505398384,-59.90910863993856
427,438.0,441.360287272513,-66.95873423552956
428,439.0,441.40551600015124,-66.72540352768955
429,440.0,444.17757783437077,-61.93505167572245
430,441.0,444.1775326442894,-62.083173699495276
431,442.0,442.399046091649,-59.86362335824146
432,443.0,441.37349316827454,-66.93689983654642
433,444.0,443.96426606436086,-62.444281515719
434,445.0,444.87311334990835,-55.76888585271967
435,446.0,441.41980650902696,-66.70175264497567
436,447.0,442.3706498743783,-60.07310141900906
437,448.0,441.3741304099282,-66.77733683213846
438,449.0,445.03577961277216,-55.32170607319512
439,450.0,445.07975243814735,-55.245044412761
440,451.0,442.3990460916489,-59.86362335824149
441,452.0,442.38515279706365,-59.8872742409554
442,453.0,442.95285019862786,-69.39040360025318
443,454.0,442.3723250539838,-59.90910863993857
444,455.0,444.10263823159073,-62.37133166878607
445,456.0,442.37232505398384,-59.90910863993859
446,457.0,442.397775302909,-59.72088142966684
447,458.0,445.03577961277216,-55.32170607319513
448,459.0,442.41059301843234,-59.69904703068362
449,460.0,442.3546395239256,-59.939207545404294
450,461.0,447.546769314339,-50.74412679036789
451,462.0,441.41980650902696,-66.7017526449757
452,463.0,447.53912954095784,-50.90784415278178
453,464.0,442.4244754519818,-59.67539614796978
454,465.0,447.56050040610955,-50.71961694251018
455,466.0,442.95285019862786,-69.3904036002532
456,467.0,445.10307552532385,-55.05681720248941
457,468.0,443.116056055153,-69.12186443528125
458,469.0,445.05370114156267,-55.45452247352867
459,470.0,441.41980650902696,-66.70175264497566
460,471.0,444.17753264428944,-62.08317369949517
461,472.0,441.39232152458163,-66.74723792667267
462,473.0,442.3230962952593,-60.27150035857938
463,474.0,443.94626873547793,-62.47472434163138
464,475.0,444.85497636467255,-55.63659505489726
465,476.0,443.90779914539536,-62.53978041481624
466,477.0,441.3741304099282,-66.77733683213839
467,478.0,446.6811010086749,-57.79306515894982
468,479.0,443.17499865754087,-68.87613176898877
469,480.0,445.05346995991044,-55.29086862697999
470,481.0,445.00829867518814,-55.65326034562087
471,482.0,444.14646043425444,-62.15780691599516
472,483.0,441.37349316827454,-66.9368998365465
473,484.0,443.11054145731896,-69.2896024809791
474,485.0,441.3741304099282,-66.77733683213852
475,486.0,442.32309629525935,-60.27150035857934
476,487.0,444.0858329898495,-62.589489649576294
477,488.0,441.3741304099282,-66.7773368321385
478,489.0,445.0346211357747,-55.60743613140184
479,490.0,447.47131334614215,-51.31732759085649
480,491.0,442.3053841360194,-60.301599264045215
481,492.0,441.3800334582807,-66.9644342076101
482,493.0,443.2744077335446,-52.791285110095316
483,494.0,441.342080413732,-66.98883314099534
484,495.0,444.2781719641523,-61.3509173991891
485,496.0,441.4514690051626,-67.14969570183287
486,497.0,441.5786853691717,-66.59732480568032
487,498.0,444.0985750348751,-62.567939377043515
488,499.0,440.1646922674009,-74.3328957505187
489,500.0,439.020157841821,-80.89299277590133
490,501.0,437.68695045488766,-77.72033967944562
491,502.0,438.81161536631765,-70.97165287529889
492,503.0,436.35754668288877,-84.86700920427396
493,504.0,437.62328892263577,-77.9645193968659
494,505.0,433.56269457180235,-89.24550516420831
495,506.0,433.5049575805981,-89.48107906413287
496,507.0,431.9089875548198,-96.831116273678
497,508.0,434.97183398397306,-81.98257284359325
498,509.0,433.5049575805981,-89.48107906413279
499,510.0,433.60276895644614,-89.0059015500687
500,511.0,438.6846693015793,-71.66913759233303
501,512.0,433.58314985033934,-89.03533442007301
502,513.0,434.9013783049827,-82.35550836381506
503,514.0,434.9204858950945,-82.32607549381099
504,515.0,437.5851880956603,-78.17808165678275
505,516.0,433.55675581768946,-89.16377119815257
506,517.0,434.9013783049827,-82.35550836381498
507,518.0,437.5662664141983,-78.2078439787436
508,519.0,437.5662664141983,-78.20784397874354
509,520.0,437.5662664141983,-78.20784397874354
510,521.0,434.9204858950945,-82.3260754938109
511,522.0,434.92048589509454,-82.32607549381088
512,523.0,434.92048589509454,-82.32607549381088
513,524.0,434.90137830498264,-82.35550836381516
514,525.0,432.05917886353,-96.21994448766819
515,526.0,434.9204858950945,-82.32607549381095
516,527.0,434.90137830498264,-82.35550836381516
517,528.0,440.30688366280685,-74.05034336703189
518,529.0,443.97256924551215,-62.79666515564076
519,530.0,452.4278741845127,-42.55071533379405
520,531.0,450.7180488034594,-40.02595979314594
521,532.0,451.0439684183781,-33.80368265294755
522,533.0,450.996840380905,-33.99287959579486
523,534.0,455.8546181293412,-23.938688024612453
524,535.0,456.1199094819436,-17.912504229756458
525,536.0,456.3007511896291,-11.531636913718314
526,537.0,456.41607856221543,-5.264733233434267
527,538.0,456.3159111378126,-11.498931898213046
528,539.0,458.4508733295123,-6.982591583283159
529,540.0,458.47133397313047,5.476839116656193
530,541.0,458.4590302859795,-6.424748325871411
531,542.0,458.4532446617913,-6.825122774513748
532,543.0,458.4481423506744,-7.159652018590157
533,544.0,456.319874523259,-11.260678339497886
534,545.0,456.4302943000214,-5.27471681966385
535,546.0,458.5620333084787,-6.415540082065179
536,547.0,453.79874766954805,-22.31558057838776
537,548.0,454.0604050753575,-16.138062640940824
538,549.0,453.7673448016451,-22.94526780548792
539,550.0,454.0693242557685,-15.885128041991086
540,551.0,453.7771837908952,-22.749857006248476
541,552.0,454.2348235807127,-10.016106090346339
542,553.0,456.4508421830829,-5.3965104040971985
543,554.0,456.42827492596933,-5.446654058735679
544,555.0,460.5385457658807,10.422912621285473
545,556.0,460.6336118821687,4.589645743489815
546,557.0,458.45579822718025,-6.651384343913832
547,558.0,458.5906009191994,5.9302233536910975
548,559.0,456.4528425691207,-5.224573165025266
549,560.0,458.56921688212617,5.879700218925698
550,561.0,458.6288345327375,-0.3145402993506122
551,562.0,458.50365184123933,-0.6009076959645504
552,563.0,460.5347355386554,10.589929461706317
553,564.0,460.5347355386554,10.589929461706356
554,565.0,458.49859154178716,-0.6124733768933951
555,566.0,458.49859154178716,-0.6124733768933545
556,567.0,458.50365184123933,-0.6009076959645288
557,568.0,458.35268804271493,11.582181722699556
558,569.0,458.50365184123933,-0.600907695964584
559,570.0,458.4508733295123,-6.982591583283155
560,571.0,456.35163000802095,-5.449538109044356
561,572.0,458.46440524394603,5.632290276148326
562,573.0,458.50365184123933,-0.6009076959645839
563,574.0,458.4693083857929,5.643855957077107
564,575.0,458.48108584983987,-0.6524777772481049
565,576.0,458.49859154178716,-0.6124733768933108
566,577.0,458.4693083857929,5.643855957077074
567,578.0,458.4693083857929,5.643855957077126
568,579.0,458.34855838677066,11.744470793061325
569,580.0,458.4693083857929,5.643855957077094
570,581.0,458.4693083857929,5.643855957077126
571,582.0,458.49859154178716,-0.6124733768933351
572,583.0,458.46440524394603,5.632290276148359
573,584.0,458.46440524394603,5.632290276148307
574,585.0,458.4693083857929,5.643855957077104
575,586.0,458.4693083857929,5.643855957077126
576,587.0,458.50365184123933,-0.60090769596453
577,588.0,458.49859154178716,-0.6124733768933104
578,589.0,456.4282643395443,-5.279230396522085
579,590.0,458.46440524394603,5.632290276148344
580,591.0,458.4693083857929,5.643855957077074
581,592.0,458.4693083857929,5.64385595707712
582,593.0,458.4693083857929,5.64385595707712
583,594.0,458.44744316876876,5.592285875793474
584,595.0,458.3661062262896,4.9289747682091045
585,596.0,458.50339426499113,-0.7728449350363329
586,597.0,460.4387359260557,10.3566823803258
587,598.0,456.4269991024616,7.13359267891923
588,599.0,458.3592780108101,11.520941941541313
589,600.0,458.3592780108101,11.520941941541292
590,601.0,458.1667087608086,17.58484646221971
591,602.0,458.3592780108101,11.52094194154135
592,603.0,458.3634030694724,11.355640377533373
593,604.0,456.4083157070363,6.919938279929091
594,605.0,458.3592780108101,11.520941941541297
595,606.0,458.33806880776245,11.469371860257729
596,607.0,458.3592780108101,11.520941941541313
597,608.0,458.4644052439461,5.632290276148321
598,609.0,460.5385457658807,10.422912621285471
599,612.0,453.61296991666575,-28.21485437219327
600,614.0,448.2401495341787,-44.30348350407776
601,615.0,444.75629489407487,-56.251636833867956
602,616.0,443.2696346937717,-68.30917306984672
603,617.0,443.1471936730861,-68.92195598320771
604,618.0,439.7585844085598,-64.55638500562539
605,619.0,437.5662664141983,-78.2078439787436
606,621.0,437.5256238900753,-78.27175637236792
607,622.0,440.42930603002026,-73.51508380577795
608,623.0,441.52062492062095,-66.69346961561641
609,624.0,443.1075208624636,-69.23883549726543
610,625.0,440.515319419287,-73.358135799758
611,626.0,443.12914366864374,-69.10031416274853
612,627.0,443.04695892327857,-69.23560173169919
613,628.0,444.1632091173175,-62.10744764118146
614,629.0,443.057087928743,-69.21893300267257
615,630.0,443.09732578846126,-69.15270188149621
616,631.0,443.03542451793965,-69.35745433718965
617,632.0,443.1291436686437,-69.1003141627485
618,633.0,441.9217048315561,-76.30559020915771
619,634.0,443.04695892327857,-69.23560173169913
620,635.0,443.09732578846126,-69.15270188149624
621,636.0,443.09732578846126,-69.15270188149633
622,637.0,443.0756850512399,-69.29122321601328
623,638.0,443.0973257884613,-69.15270188149623
624,639.0,443.09732578846126,-69.15270188149633
625,640.0,443.0929004297666,-69.15998707038969
626,641.0,443.0469589232785,-69.23560173169925
627,642.0,443.09732578846126,-69.15270188149624
628,643.0,444.13229016411697,-62.159835359929204
629,644.0,444.13229016411697,-62.15983535992922
630,645.0,443.02528980534424,-69.37412306621609
631,646.0,444.13229016411697,-62.1598353599292
632,647.0,444.0833460870573,-62.24273521013218
633,648.0,441.5525204830158,-66.48197330675947
634,649.0,443.0469589232786,-69.235601731699
635,650.0,441.59213528381815,-66.41632175571873
636,651.0,441.6520335492658,-66.17132304019933
637,652.0,444.1902854969852,-61.91350140318973
638,653.0,444.13229016411697,-62.159835359929204
639,654.0,444.1632091173175,-62.10744764118139
640,655.0,440.4836351291057,-73.40918827728574
641,656.0,444.1104864168449,-62.048788972140485
642,657.0,440.44287828487654,-73.47483982832642
643,658.0,443.12914366864374,-69.1003141627484
644,659.0,444.98147964327404,-55.51870517590277
645,660.0,441.59213528381815,-66.41632175571873
646,661.0,444.1775326442894,-62.08317369949523
647,662.0,441.61634612796337,-66.23052939089987
648,663.0,441.5921352838182,-66.41632175571863
649,664.0,441.6520335492658,-66.17132304019933
650,665.0,438.66890997097283,-71.54199410329147
651,666.0,441.335151640479,-66.84181525548799
652,667.0,442.3546395239256,-59.9392075454043
653,668.0,440.2593472110117,-73.77020335370547
654,669.0,443.09732578846126,-69.15270188149626
655,670.0,440.2593472110117,-73.77020335370554
656,671.0,443.09732578846126,-69.15270188149626
657,672.0,444.98147964327404,-55.518705175902845
658,673.0,445.03577961277216,-55.321706073195074
659,674.0,444.13229016411697,-62.15983535992919
660,675.0,441.335151640479,-66.84181525548797
