,t,x,y
0,10.0,582.9895720691259,-60.279242736049575
1,11.0,576.6877435336872,-83.07877566504231
2,13.0,581.5419725379205,-72.96754559965504
3,14.0,583.0189711889374,-59.9942287221616
4,18.0,578.3750879529822,-70.37822208153898
5,20.0,581.5362220664596,-72.97979631955305
6,23.0,581.5858204183622,-72.98829496456273
7,25.0,576.9321629133502,-81.68295846668927
8,32.0,578.458456157753,-70.19981465608528
9,33.0,578.4584561577531,-70.19981465608517
10,36.0,574.6064716889462,-96.64273005597185
11,37.0,583.0846470873842,-59.84690505376289
12,38.0,576.7930254377967,-82.65973695857332
13,39.0,576.8167576659009,-82.61130403254221
14,41.0,569.7520207858739,-105.61453131070293
15,42.0,569.7844408038134,-105.35778928469841
16,43.0,572.1021995669392,-92.03731669402578
17,44.0,569.6011810585146,-106.34409848138493
18,45.0,571.9825797895279,-92.77781432477697
19,46.0,569.6557073388504,-106.04228743452077
20,47.0,569.6814960318154,-105.99428047078369
21,48.0,571.9580041665511,-92.82582128851394
22,49.0,574.8772321918972,-96.32478810421988
23,51.0,569.7262672841003,-105.66253827443997
24,52.0,569.8075122192994,-105.31473511346553
25,53.0,572.0765467388493,-92.09243345370356
26,55.0,572.0304506773759,-92.48220321448069
27,57.0,569.7817864850056,-105.36274207720258
28,58.0,569.8075122192993,-105.31473511346555
29,65.0,574.9885618104081,-95.6446527929197
30,66.0,569.7684490350946,-105.38762735758536
31,68.0,569.7520207858739,-105.61453131070292
32,70.0,581.641480299372,-72.54340844410795
33,72.0,569.7289244677688,-105.65758548193583
34,73.0,569.7971399453198,-105.04354245456511
35,83.0,569.7289244677687,-105.65758548193597
36,85.0,567.0248590008665,-119.3205012565765
37,87.0,561.768292763418,-128.48007320593817
38,93.0,552.7319772206171,-151.60239895106022
39,97.0,556.4159572233162,-137.4671180944369
40,98.0,552.7288205749678,-151.56093879210312
41,103.0,542.3523806282459,-174.63229130678658
42,104.0,542.3484467800671,-174.63798624558527
43,105.0,537.424060737465,-189.25021243083964
44,106.0,542.4851924103372,-174.264928140221
45,107.0,542.7843735671928,-174.21472572802952
46,108.0,540.9846835763508,-168.8150612250125
47,109.0,542.9094583402139,-173.82452903419033
48,110.0,536.355952203054,-182.9970142920706
49,113.0,532.9395081517588,-173.4410982988687
50,114.0,532.792843787909,-173.84879139485875
51,115.0,523.0007043382361,-201.39980119843506
52,116.0,528.0257263891867,-187.87007797764926
53,117.0,523.0007043382361,-201.39980119843514
54,118.0,523.1151911901627,-201.10224615140356
55,121.0,523.0289408101494,-201.36300803069477
56,122.0,523.1151911901628,-201.10224615140345
57,123.0,523.1151911901627,-201.1022461514036
58,124.0,517.2639475300356,-215.70726748699235
59,125.0,510.5372026921969,-223.90106582105562
60,126.0,516.5872404597305,-209.6207515918046
61,127.0,510.5372026921969,-223.9010658210556
62,128.0,522.2705948098453,-195.02990104259095
63,129.0,522.2705948098454,-195.02990104259075
64,130.0,510.5855911212558,-223.84278108321968
65,131.0,528.3881457966264,-186.80895064922137
66,132.0,523.1507961935699,-201.00960450459613
67,133.0,522.2705948098453,-195.029901042591
68,134.0,516.3744329945813,-210.17828672706102
69,135.0,510.58559112125585,-223.84278108321956
70,136.0,517.3291268861119,-215.58503752210976
71,137.0,510.61512180483857,-223.80720418750573
72,138.0,510.6151218048386,-223.80720418750553
73,139.0,503.7172649808003,-238.89179635394956
74,140.0,516.7735756021542,-209.19497800225173
75,141.0,516.3404841567701,-210.22102136966933
76,143.0,516.7397343074188,-209.23771264485987
77,144.0,510.72870507286484,-223.50964905244996
78,145.0,516.8722629384142,-208.9101175383268
79,146.0,516.7735756021543,-209.19497800225156
80,147.0,516.7735756021543,-209.19497800225162
81,148.0,516.7397343074188,-209.23771264485976
82,149.0,516.3744329945812,-210.17828672706122
83,150.0,521.994754439107,-195.759673434063
84,151.0,516.7397343074188,-209.23771264485978
85,152.0,516.7735756021543,-209.19497800225162
86,153.0,510.61512180483857,-223.80720418750573
87,154.0,523.1459698692024,-201.0159007726629
88,155.0,517.329126886112,-215.58503752210967
89,156.0,516.7735756021543,-209.19497800225153
90,157.0,517.3291268861119,-215.58503752210981
91,158.0,510.61512180483857,-223.80720418750573
92,159.0,523.1789971238496,-200.97281133685556
93,160.0,517.294508977675,-215.62812695791692
94,161.0,517.3291268861119,-215.58503752210973
95,162.0,517.3291268861119,-215.5850375221098
96,163.0,517.294508977675,-215.62812695791698
97,164.0,517.2945089776749,-215.62812695791706
98,165.0,516.7735756021543,-209.19497800225162
99,166.0,516.7735756021543,-209.19497800225162
100,167.0,517.294508977675,-215.62812695791695
101,168.0,523.1459698692023,-201.01590077266303
102,169.0,523.1789971238495,-200.97281133685573
103,170.0,517.3291268861119,-215.58503752210973
104,171.0,517.294508977675,-215.62812695791698
105,172.0,517.3291268861119,-215.58503752210973
106,173.0,517.294508977675,-215.62812695791698
107,174.0,522.7670776897008,-201.99920949747244
108,175.0,517.294508977675,-215.62812695791692
109,176.0,522.7670776897008,-201.99920949747244
110,177.0,517.3291268861119,-215.58503752210984
111,178.0,523.1459698692024,-201.01590077266292
112,180.0,517.3291268861118,-215.5850375221099
113,181.0,517.3291268861119,-215.5850375221098
114,182.0,517.4362234286292,-215.28783718025318
115,183.0,522.8002099251631,-201.95612006166525
116,184.0,517.294508977675,-215.628126957917
117,185.0,523.1459698692023,-201.01590077266303
118,187.0,517.3291268861119,-215.58503752210976
119,188.0,528.159108937405,-187.4947721260588
120,189.0,517.294508977675,-215.62812695791692
121,190.0,523.1459698692023,-201.01590077266303
122,192.0,522.0271517192376,-195.7169387914548
123,193.0,516.6415758076381,-217.22756748432477
124,194.0,522.8002099251632,-201.9561200616651
125,195.0,529.5748024923008,-193.1809353285781
126,196.0,521.4294930747254,-196.50413179488402
127,205.0,561.7682927634179,-128.48007320593834
128,206.0,561.7682927634179,-128.48007320593825
129,207.0,561.7057617299143,-128.5869907454043
130,208.0,567.0220698033299,-119.32545404908042
131,209.0,564.7535561629893,-114.56495237106412
132,210.0,567.4336721401174,-118.59347289184298
133,212.0,561.7439857708926,-128.52163961896795
134,215.0,558.3024429104987,-142.64066457259446
135,218.0,561.7682927634179,-128.48007320593825
136,219.0,561.7439857708927,-128.52163961896778
137,221.0,563.8846532455001,-133.37417508376677
138,222.0,567.0248590008664,-119.32050125657659
139,225.0,558.3425448556168,-142.57531344615813
140,226.0,561.7682927634179,-128.4800732059383
141,227.0,558.4249207051711,-142.25232980707204
142,230.0,561.7057617299143,-128.58699074540436
143,231.0,561.7439857708926,-128.52163961896798
144,232.0,564.6767567568517,-114.95337219359871
145,234.0,558.321699775799,-142.6569204755913
146,238.0,566.9093653570937,-119.75757174681719
147,239.0,566.9438900566838,-119.69635397733049
148,240.0,577.6457301941807,-99.47244895932381
149,241.0,577.6690788717061,-99.4274079184764
150,243.0,581.641480299372,-72.54340844410798
151,244.0,581.6053547217842,-72.83247265115416
152,245.0,581.5906864312507,-72.86373931034113
153,246.0,579.831133512155,-85.82082686354771
154,247.0,579.8157199383459,-85.85209352273465
155,248.0,579.8157199383459,-85.8520935227346
156,249.0,581.6414802993721,-72.54340844410788
157,250.0,579.831133512155,-85.82082686354758
158,251.0,579.831133512155,-85.82082686354765
159,252.0,579.831133512155,-85.82082686354765
160,254.0,579.7866814589273,-86.12062306078504
161,258.0,569.6583681533083,-106.03733464201666
162,259.0,569.8892783752594,-104.87137267382518
163,261.0,576.617497558312,-83.56493294180483
164,265.0,581.7275215520626,-71.97544580457331
165,267.0,582.8798009863597,-60.306083941848165
166,268.0,587.3149348431995,-50.309382773474766
167,270.0,587.374205253899,-49.59628787123306
168,272.0,585.1234675792394,-34.45836237991468
169,273.0,585.1338939505257,-34.43234024366078
170,274.0,579.8335609618575,-57.596834452426805
171,278.0,588.9383596071386,-25.30122586656504
172,279.0,584.2191375953523,-47.48956908314716
173,280.0,584.1546236582747,-47.618433376014515
174,281.0,585.1101613422707,-34.833303007067244
175,283.0,585.7036242468837,-22.54141951883269
176,288.0,589.3356814430748,-13.114801756981896
177,289.0,589.4814063703434,-0.4636709397053089
178,293.0,592.7700221974748,9.480414111867255
179,296.0,585.5431734994811,-22.91021882165076
180,297.0,585.5249254696156,-23.371944978979073
181,298.0,586.0066591356489,1.1955587401417134
182,300.0,585.8931219104809,-10.720814161702274
183,301.0,589.317331635062,-13.165538454087956
184,302.0,589.317331635062,-13.16553845408799
185,303.0,585.9022049198035,-11.128350378118636
186,307.0,589.4416455479785,-0.5805531866727499
187,308.0,585.8878938755554,-11.002816383334972
188,309.0,585.8878938755553,-11.002816383335071
189,310.0,586.007151763587,0.9230351856251567
190,317.0,589.3296693184619,-13.38223853062732
191,318.0,589.3296693184618,-13.38223853062743
192,321.0,588.9204952704083,-25.347917772011538
193,323.0,589.3394351358273,-12.94502378839869
194,325.0,588.957691095427,-24.847163754477567
195,326.0,588.9383596071385,-25.301225866565122
196,331.0,589.3316785521453,-12.571369847024831
197,332.0,589.3225619372213,-12.991715693845167
198,333.0,589.3219257170024,-13.02054354178559
199,334.0,589.3316785521453,-12.57136984702478
200,335.0,589.4652142769077,-0.7923650667841686
201,336.0,588.9398633437055,-24.893855659924057
202,338.0,589.3289256351126,-12.699767505099908
203,339.0,589.4548858358462,-0.5416400332606103
204,340.0,589.4652142769077,-0.7923650667843374
205,342.0,589.3316785521453,-12.571369847024823
206,345.0,588.940382257397,-24.628884590805406
207,346.0,589.4652142769077,-0.7923650667842573
208,347.0,589.4545592521208,-0.8236422548932922
209,348.0,589.3225619372213,-12.99171569384497
210,349.0,588.9279188170518,-24.92513284803309
211,352.0,588.9279188170518,-24.92513284803302
212,354.0,589.3289256351126,-12.699767505099901
213,358.0,589.4545592521208,-0.8236422548932548
214,360.0,589.4652142769077,-0.7923650667843035
215,361.0,588.9398633437055,-24.893855659924057
216,363.0,589.3225619372213,-12.991715693845045
217,365.0,589.3211000614684,-12.99576048550481
218,370.0,589.4811498410174,-0.7193255244494764
219,371.0,589.3844078706364,10.703420298089242
220,372.0,589.4652142769077,-0.7923650667843082
221,374.0,589.3225619372213,-12.991715693845075
222,378.0,589.3225619372213,-12.991715693845032
223,380.0,589.4638364646241,-0.7964098584439624
224,381.0,589.4652142769077,-0.7923650667842553
225,382.0,589.4652142769077,-0.7923650667842246
226,383.0,589.4652142769077,-0.7923650667842246
227,384.0,589.3225619372213,-12.99171569384503
228,386.0,589.3211000614684,-12.995760485504768
229,388.0,589.3211000614683,-12.995760485504753
230,390.0,589.3225619372213,-12.99171569384499
231,396.0,589.4811171009931,-0.7456731613378078
232,397.0,589.3211000614683,-12.995760485504784
233,399.0,589.3211000614683,-12.995760485504796
234,401.0,589.3112568635294,-13.022992881954128
235,403.0,589.4652142769077,-0.7923650667843035
236,404.0,589.4542897584074,-0.9980456339926129
237,411.0,589.4545592521208,-0.8236422548932746
238,412.0,589.3112568635293,-13.022992881954135
239,415.0,589.4545592521208,-0.8236422548933283
240,422.0,589.4652142769077,-0.7923650667843035
241,425.0,589.4638364646241,-0.796409858443907
242,427.0,588.9436583576733,-25.177583827254264
243,428.0,589.4638364646241,-0.7964098584438526
244,436.0,589.317636178229,-12.731044693209045
245,439.0,589.4638364646241,-0.7964098584438126
246,440.0,589.3211000614683,-12.995760485504762
247,443.0,589.3211000614683,-12.995760485504796
248,445.0,589.4638364646241,-0.7964098584438126
249,447.0,589.4638364646241,-0.796409858443907
250,448.0,589.3211000614683,-12.995760485504762
251,449.0,589.4638364646241,-0.7964098584438837
252,450.0,589.3211000614683,-12.995760485504762
253,451.0,589.4638364646241,-0.7964098584438837
254,454.0,589.4641500151124,-0.514407636811222
255,455.0,589.317331635062,-13.165538454087939
256,461.0,588.9242571093297,-25.22832052436039
257,463.0,589.4638364646241,-0.7964098584438126
258,469.0,589.3211000614683,-12.99576048550477
259,470.0,589.4638364646241,-0.7964098584438837
260,472.0,589.3394351358273,-12.945023788398766
261,476.0,589.3211000614683,-12.995760485504805
262,477.0,589.4641500151124,-0.5144076368111665
263,480.0,589.3211000614683,-12.995760485504805
264,482.0,589.3211000614683,-12.995760485504796
265,484.0,589.4638364646241,-0.7964098584438126
266,485.0,589.4630934833314,-1.228897602396395
267,486.0,589.3681100130487,10.652683600983186
268,487.0,589.3211000614683,-12.995760485504757
269,490.0,588.9507682969466,-24.601652194355964
270,491.0,584.2109656582732,-47.80085495574827
271,492.0,584.114776524449,-47.06550496721266
272,497.0,572.5314649589033,-109.39592064008454
273,498.0,575.0483362553917,-113.51947354646315
274,499.0,570.2386487260942,-104.3554235315151
275,507.0,558.5265698629071,-141.85269880158035
276,511.0,567.5221360967541,-118.24041593964829
277,514.0,569.9130824784914,-122.31670088668731
278,515.0,558.321699775799,-142.65692047559136
279,517.0,564.2946588612598,-132.7287537484664
280,519.0,572.6187497981359,-108.93811637943556
281,521.0,563.9609500667791,-133.0511914446807
282,522.0,563.890803646104,-133.4127279419671
283,524.0,569.844736943746,-105.11313044086965
284,525.0,563.8653447106209,-133.45578211319992
285,526.0,563.9609500667791,-133.05119144468074
286,527.0,566.9466828789865,-119.69140118482649
287,528.0,563.7957512207729,-133.74948093535735
288,530.0,572.4808550456646,-109.67209080766135
289,532.0,574.9307409914668,-96.0048954946682
290,533.0,564.005735747968,-132.86121626895664
291,534.0,574.9917730350909,-95.29901376719286
292,535.0,563.8653447106209,-133.45578211319994
293,536.0,574.9274573739666,-96.01127318281698
294,537.0,569.6538564116253,-123.46772553952981
295,538.0,563.8653447106209,-133.4557821132
296,539.0,563.7957512207729,-133.74948093535724
297,540.0,563.8653447106209,-133.4557821131999
298,541.0,569.8582336693456,-122.520973281291
299,543.0,563.795751220773,-133.7494809353573
300,544.0,563.7957512207729,-133.74948093535735
301,545.0,566.9466828789865,-119.69140118482639
302,546.0,566.9709582249175,-119.6483470135935
303,548.0,563.890803646104,-133.41272794196695
304,549.0,563.9863738004793,-133.00813727344777
305,550.0,563.9609500667791,-133.05119144468065
306,551.0,563.9863738004793,-133.00813727344774
307,552.0,563.8653447106209,-133.45578211319997
308,553.0,569.6839385990979,-105.98115170060026
309,556.0,566.9709582249175,-119.64834701359342
310,559.0,569.7289244677688,-105.65758548193585
311,560.0,575.1149570011931,-94.89511646789288
312,561.0,558.4249207051712,-142.25232980707202
313,562.0,569.7289244677688,-105.65758548193585
314,563.0,556.0467804360272,-137.89098132976488
315,565.0,564.6960164167702,-114.85872384432717
316,567.0,567.0248590008665,-119.32050125657653
317,568.0,570.1183756677556,-104.93055711720237
318,569.0,574.991841012482,-95.63827510477073
319,571.0,567.0248590008664,-119.32050125657658
320,573.0,569.7289244677688,-105.6575854819358
321,574.0,559.1886475330432,-124.53915543122609
322,575.0,555.9695425828339,-138.20207120586682
323,576.0,569.7844408038134,-105.35778928469846
324,579.0,567.0248590008665,-119.32050125657656
325,580.0,569.7289244677688,-105.65758548193578
326,581.0,569.7289244677688,-105.65758548193581
327,582.0,567.0248590008665,-119.32050125657648
328,583.0,567.090233338528,-119.0094113804746
329,584.0,567.114450764508,-118.9663572092416
330,585.0,567.090233338528,-119.00941138047456
331,586.0,572.61108509985,-108.99010100330945
332,587.0,569.7844408038134,-105.35778928469848
333,591.0,556.0467804360272,-137.89098132976497
334,593.0,567.090233338528,-119.00941138047469
335,595.0,569.7520207858739,-105.61453131070296
336,596.0,569.7289244677688,-105.65758548193583
337,599.0,567.090233338528,-119.00941138047469
338,600.0,561.48265277901,-128.77890431946625
339,601.0,563.9609500667791,-133.05119144468074
340,603.0,569.8075122192993,-105.31473511346559
341,604.0,559.2792023965344,-124.19818356315452
342,609.0,554.7531581868717,-156.01178624392531
343,611.0,556.4683969487745,-137.1961750888111
344,612.0,556.4683969487746,-137.19617508881106
345,613.0,564.71919068217,-114.8171574312975
346,614.0,548.9535750918333,-164.7113828963668
347,615.0,552.6257728565602,-151.93624464369347
348,616.0,552.62577285656,-151.93624464369375
349,617.0,556.5835980084528,-136.72807206167874
350,618.0,556.2998102708939,-137.87816489316276
351,619.0,556.5835980084529,-136.72807206167866
352,620.0,552.7288205749678,-151.56093879210312
353,621.0,548.5853217671275,-165.9821398572334
354,622.0,556.3241921735083,-137.83801802268655
355,623.0,555.8743627458175,-138.57765144931676
356,624.0,552.842788485556,-151.19780828254085
357,625.0,558.4249207051711,-142.25232980707216
358,626.0,564.7800615649567,-114.51736123406025
359,627.0,556.4159572233162,-137.46711809443678
360,628.0,558.5520089445615,-141.81113238855065
361,629.0,558.3680461147688,-142.5337470331285
362,630.0,559.5913191208175,-123.84434919027224
363,631.0,556.3916061045564,-137.50726496491288
364,632.0,555.9945880839566,-138.16089553503247
365,633.0,558.4212281751528,-142.25835453104636
366,634.0,561.7265417162337,-128.55146564765806
367,639.0,552.2832928054629,-152.26042534825734
368,641.0,552.3125382494622,-152.21456936222293
369,643.0,552.3125382494624,-152.21456936222276
370,645.0,552.3125382494624,-152.21456936222276
371,646.0,552.3125382494624,-152.2145693622229
372,647.0,555.9945880839566,-138.16089553503258
373,648.0,546.603919695722,-160.8312684569038
374,649.0,542.2977417572159,-174.80189136622025
375,650.0,546.7213473469302,-160.43163745141217
376,651.0,548.8551748881456,-165.03897800290002
377,652.0,548.5585361394359,-166.0222867277095
378,654.0,542.4851924103373,-174.264928140221
379,655.0,550.4830308601147,-147.06081020876704
380,656.0,546.5350603557142,-161.11448403595725
381,657.0,546.5350603557142,-161.11448403595722
382,658.0,546.3979720400171,-161.52955794758032
383,660.0,546.6301698262912,-160.7915003968713
384,663.0,535.9069005158175,-184.3079181234132
385,666.0,536.1057522048867,-183.72146094956287
386,667.0,544.7694401758124,-156.1704511459866
387,668.0,544.7694401758125,-156.17045114598642
388,669.0,540.5415802964861,-170.22853089651744
389,670.0,540.572453222687,-170.1834517317352
390,671.0,540.572453222687,-170.18345173173518
391,672.0,540.6904641467884,-169.80814588014476
392,673.0,536.138015067924,-183.67638178478074
393,674.0,542.8166282557402,-174.16793720133734
394,675.0,536.1380150679239,-183.67638178478077
395,676.0,544.7989102873211,-156.12537198120444
396,677.0,536.271534561859,-183.28618509094173
397,678.0,536.138015067924,-183.67638178478063
398,679.0,546.5350603557142,-161.11448403595745
399,680.0,536.271534561859,-183.28618509094161
400,681.0,540.5724532226869,-170.18345173173526
401,682.0,540.572453222687,-170.18345173173518
402,683.0,540.6904641467884,-169.80814588014476
403,684.0,540.6904641467884,-169.8081458801447
404,685.0,540.6904641467884,-169.8081458801447
405,686.0,536.138015067924,-183.67638178478074
406,687.0,536.1380150679239,-183.67638178478086
407,688.0,536.1380150679239,-183.67638178478086
408,689.0,536.0496967483315,-183.93397468261227
409,690.0,536.1105154031893,-183.71480609244296
410,691.0,536.1380150679239,-183.6763817847808
411,692.0,540.503882752377,-170.28356410840166
412,694.0,566.9466828789865,-119.6914011848264
413,696.0,576.8704936504,-82.12665409105708
414,701.0,583.0529834068594,-60.13716359058418
415,703.0,584.2191375953523,-47.48956908314721
416,705.0,581.5858204183622,-72.9882949645628
417,707.0,579.8730640549358,-57.184402517537556
418,713.0,588.9499451005402,-25.030094150222112
419,716.0,584.0606530069624,-47.52725289115754
420,717.0,584.9277707862194,-35.28723737221915
421,718.0,584.9474261278314,-35.23836798790359
422,720.0,581.3930501598096,-73.39860446833246
423,722.0,569.7129154392254,-105.68742355482259
424,724.0,564.2502648639543,-132.98048549453094
425,732.0,540.5461382907894,-170.2218760393974
426,733.0,540.5461382907893,-170.22187603939744
427,734.0,535.755675520616,-184.7162272221739
428,735.0,535.7761150156502,-184.6877615928946
429,736.0,540.6447083417066,-169.87503581708623
430,737.0,540.6641816311633,-169.84657018780686
431,738.0,540.6641816311632,-169.84657018780712
432,739.0,540.6641816311632,-169.84657018780712
433,740.0,546.5087821541078,-161.1542520959898
434,741.0,550.4579564446033,-147.10057826879958
435,742.0,546.5087821541078,-161.1542520959898
436,743.0,535.9069005158174,-184.3079181234134
437,744.0,546.5087821541078,-161.1542520959898
438,745.0,540.6641816311632,-169.84657018780712
439,746.0,540.6641816311632,-169.84657018780712
440,747.0,540.6641816311632,-169.84657018780712
441,748.0,540.6641816311632,-169.84657018780712
442,749.0,540.6641816311632,-169.84657018780712
443,750.0,535.977979282837,-184.03408705927873
444,751.0,546.6301698262912,-160.79150039687127
445,752.0,540.7655391268155,-169.52358654872094
446,753.0,550.4185774080405,-147.16302062836803
447,754.0,546.6801764669935,-160.49407981098042
448,755.0,542.3092429837407,-174.6947336663551
449,756.0,542.3092429837408,-174.694733666355
450,757.0,544.8799759093989,-155.7928963606167
451,758.0,542.3092429837408,-174.6947336663549
452,759.0,546.7213473469301,-160.43163745141217
453,760.0,536.2440697036252,-183.32460939860377
454,761.0,537.3829546497525,-189.30695985160912
455,762.0,542.3092429837408,-174.69473366635495
456,764.0,536.2715345618589,-183.2861850909417
457,765.0,540.8906565701326,-169.123955543229
458,767.0,542.3523806282458,-174.63229130678664
459,768.0,542.1833934722849,-175.08493036019436
460,769.0,535.7761150156502,-184.68776159289473
461,772.0,542.2265860636628,-175.02248800062597
462,773.0,552.842788485556,-151.19780828254085
463,774.0,552.8427884855558,-151.19780828254093
464,775.0,556.4159572233162,-137.4671180944367
465,776.0,548.9802455786861,-164.67123602589075
466,777.0,548.8122355345647,-165.1035313311172
467,778.0,542.2265860636627,-175.02248800062603
468,779.0,542.2265860636628,-175.02248800062586
469,780.0,542.2265860636628,-175.02248800062586
470,781.0,542.1833934722849,-175.08493036019445
471,782.0,542.1833934722849,-175.08493036019436
472,783.0,542.1833934722849,-175.08493036019436
473,784.0,542.2265860636627,-175.02248800062603
474,785.0,542.2265860636628,-175.02248800062586
475,786.0,542.1833934722849,-175.08493036019445
476,787.0,537.2889682265233,-189.639411943462
477,788.0,542.2265860636628,-175.02248800062586
478,789.0,542.1833934722849,-175.08493036019445
479,790.0,542.1833934722849,-175.08493036019436
480,791.0,537.2436797863223,-189.70185430303033
481,792.0,542.2265860636628,-175.0224880006259
482,793.0,546.3979720400171,-161.52955794758032
483,794.0,542.2265860636628,-175.02248800062588
484,795.0,542.2265860636628,-175.02248800062586
485,796.0,542.2265860636628,-175.02248800062586
486,797.0,542.2265860636628,-175.02248800062586
487,798.0,542.1833934722849,-175.08493036019445
488,799.0,542.2265860636627,-175.02248800062603
489,800.0,537.2889682265233,-189.63941194346214
490,801.0,542.2265860636628,-175.02248800062586
491,802.0,537.2889682265233,-189.63941194346214
492,803.0,537.2889682265233,-189.639411943462
493,804.0,537.2889682265233,-189.639411943462
494,805.0,542.2265860636628,-175.02248800062586
495,806.0,546.3979720400171,-161.52955794758032
496,807.0,542.2265860636628,-175.02248800062588
497,808.0,542.1833934722849,-175.08493036019445
498,809.0,542.1833934722849,-175.08493036019436
499,810.0,542.2265860636627,-175.02248800062603
500,811.0,542.3798484369867,-174.592523246754
501,812.0,546.5350603557142,-161.11448403595722
502,813.0,553.9525710065245,-133.3978944341264
503,814.0,546.5350603557142,-161.11448403595728
504,815.0,546.5350603557143,-161.11448403595725
505,816.0,546.5350603557143,-161.11448403595725
506,817.0,546.5350603557143,-161.11448403595725
507,818.0,546.4675126896198,-161.21669445555816
508,819.0,542.3798484369867,-174.59252324675413
509,821.0,546.5087821541078,-161.15425209598985
510,822.0,552.9248221033745,-150.89753845533986
511,828.0,585.9106958459574,-10.67194477738663
512,829.0,585.911705271092,0.9158870168441059
513,830.0,591.1997823327532,44.14742163968791
514,878.0,584.2528242013979,-47.073318526005465
515,880.0,585.0939570420379,-35.1044347234101
516,888.0,569.9050581167741,-104.78558653976562
517,892.0,547.1362940965472,-160.02350618430756
518,894.0,534.7499956555473,-178.34730727860625
519,895.0,528.0257263891867,-187.87007797764932
520,896.0,528.1031284056869,-187.61317232323228
521,897.0,527.9986973823044,-187.9068711453895
522,898.0,528.1321129031238,-187.5315652937989
523,899.0,532.9137245683955,-173.47789146660875
524,900.0,528.1321129031237,-187.53156529379902
525,901.0,528.2466882204667,-187.20858165471304
526,902.0,528.1321129031237,-187.53156529379908
527,903.0,532.9137245683955,-173.47789146660875
528,904.0,532.9137245683955,-173.47789146660892
529,905.0,528.1321129031237,-187.53156529379902
530,906.0,528.2466882204667,-187.20858165471304
531,907.0,530.0975257193179,-191.7806423104078
532,909.0,528.5265056240088,-186.45660830614455
533,910.0,535.0951200609874,-177.30914345869175
534,912.0,522.6533189314681,-202.3359635311465
535,913.0,521.7327638404637,-195.7399651995483
536,914.0,521.3195350222064,-196.8378856957166
537,915.0,521.461087294076,-196.46257984412594
538,917.0,516.2760023564468,-210.38613522416006
539,918.0,521.9376969420142,-195.91905730321017
540,919.0,516.2760023564468,-210.3861352241601
541,920.0,516.3461707464264,-210.21386362277505
542,921.0,523.389693415877,-201.27412004689606
543,923.0,523.4097466141009,-201.16208582340533
544,924.0,528.6819152139536,-186.86727950384025
545,925.0,528.7407513097622,-186.70073788779885
546,926.0,523.3435049217744,-201.33435742479014
547,927.0,530.0250129880768,-191.8787364349942
548,928.0,535.4473387621738,-177.35976228406457
549,929.0,528.9953547039801,-185.97812324322092
550,930.0,521.955987651734,-195.8108004250047
551,931.0,523.2636031297816,-201.5419292928865
552,932.0,528.7848013549846,-186.64050050990457
553,933.0,534.9627970511208,-177.7164904572031
554,935.0,524.5521865949258,-206.4300093195412
555,936.0,528.8986911325367,-186.3175168708185
556,938.0,518.0142283258826,-214.7307659059556
557,939.0,530.0250129880768,-191.8787364349942
558,941.0,524.5521865949257,-206.43000931954137
559,944.0,529.9287100163326,-192.20797982812638
560,945.0,524.5185561297244,-206.5154461166836
561,951.0,530.0700739361082,-191.8177831342874
562,952.0,523.8326189105372,-200.11853972070145
563,955.0,524.6859753303246,-206.08971954187749
564,956.0,530.0700739361083,-191.81778313428714
565,957.0,530.0700739361083,-191.81778313428705
566,959.0,518.0142283258828,-214.73076590595556
567,960.0,524.6859753303247,-206.08971954187732
568,961.0,534.6300367479125,-178.71504977508062
569,962.0,518.0142283258829,-214.7307659059554
570,965.0,530.0490426288926,-191.84623370793432
571,967.0,530.0700739361083,-191.81778313428723
572,969.0,528.7848013549846,-186.64050050990437
573,974.0,529.9287100163326,-192.20797982812638
574,975.0,524.6859753303246,-206.0897195418774
575,976.0,529.9287100163326,-192.20797982812633
576,977.0,524.3966098186712,-206.82490377096286
577,980.0,524.3966098186714,-206.8249037709624
578,981.0,524.6859753303247,-206.08971954187746
579,984.0,530.0700739361083,-191.81778313428714
580,985.0,510.5855911212558,-223.8427810832197
581,986.0,534.755346814305,-178.33974392349032
582,989.0,524.5521865949258,-206.43000931954123
583,990.0,529.9287100163326,-192.20797982812635
584,991.0,534.755346814305,-178.33974392349035
585,992.0,528.7848013549846,-186.64050050990457
586,993.0,538.9533348134083,-165.21999910026
587,995.0,523.8326189105373,-200.11853972070122
588,997.0,524.5521865949258,-206.4300093195413
589,999.0,529.7132093757186,-192.80109185909674
590,1000.0,534.6300367479124,-178.71504977508076
591,1001.0,534.6300367479123,-178.71504977508093
592,1002.0,534.6300367479123,-178.71504977508093
593,1003.0,534.755346814305,-178.33974392349037
594,1004.0,534.6300367479123,-178.71504977508081
595,1005.0,529.9287100163325,-192.20797982812647
596,1007.0,534.6300367479124,-178.71504977508081
597,1008.0,524.5521865949258,-206.43000931954128
598,1009.0,524.5521865949258,-206.4300093195412
599,1010.0,529.9287100163326,-192.20797982812635
600,1011.0,529.9287100163326,-192.20797982812644
601,1012.0,529.9287100163326,-192.20797982812644
602,1014.0,538.9533348134083,-165.21999910026005
603,1015.0,524.3966098186712,-206.82490377096272
604,1016.0,538.9314970166625,-165.29121795353439
605,1017.0,523.8326189105372,-200.11853972070145
606,1019.0,529.7132093757186,-192.80109185909672
607,1020.0,534.6300367479124,-178.71504977508076
608,1021.0,530.0700739361083,-191.81778313428725
609,1022.0,524.5521865949257,-206.4300093195413
610,1023.0,510.412285681422,-224.23767553464086
611,1024.0,510.58559112125585,-223.84278108321956
