,t,x,y
0,0.0,586.1018073117785,-176.7903758295363
1,1.0,586.1018073117785,-176.7903758295363
2,2.0,586.097626890072,-176.56807096565072
3,3.0,586.1018073117785,-176.56807096565072
4,4.0,586.1018073117785,-176.56807096565072
5,5.0,586.097626890072,-176.56807096565072
6,6.0,586.097626890072,-176.34576610176512
7,7.0,586.097626890072,-176.12346123787952
8,8.0,586.097626890072,-176.12346123787952
9,9.0,586.097626890072,-176.12346123787952
10,10.0,612.2752712068394,-109.27321775640954
11,11.0,612.5301976071336,-88.87879870435907
12,12.0,586.1018073117785,-161.17641165331761
13,13.0,614.2604718407408,-72.63737774092245
14,14.0,612.2306267329482,-112.63648173988219
15,15.0,586.1632657629378,-208.3852957451511
16,16.0,582.637391661003,-152.9626658052967
17,17.0,586.1018073117785,-153.18497066918226
18,18.0,610.5470871840855,-86.69718359804529
19,19.0,586.097626890072,-186.57359044508544
20,20.0,614.2583816298875,-72.30392044509406
21,21.0,586.1372288550342,-182.92754824307363
22,22.0,586.1478974742923,-174.45469128959655
23,23.0,614.3077715591517,-136.64120099644998
24,24.0,582.7024965436134,-212.170599854962
25,25.0,612.3554009695555,-42.695924182771805
26,26.0,582.676938431144,-130.58886127587482
27,27.0,582.6871834497892,-100.41326972841269
28,28.0,582.6871834497892,-100.50802860713156
29,29.0,582.7024965436134,-100.38569865142675
30,30.0,582.7024965436134,-100.20687806953532
31,31.0,582.7024965436134,-100.02805748764389
32,32.0,610.5777060336102,-55.99378417339207
33,33.0,610.5777060336102,-83.97664751626615
34,34.0,582.7024965436134,-155.99378417339207
35,35.0,586.1478974742923,-121.24952579572141
36,36.0,614.6686049135456,-139.6848786799543
37,37.0,612.2557620250584,-117.14484314010387
38,38.0,612.5075052088921,-66.73619319543775
39,39.0,612.515817103417,-29.82703179889608
40,40.0,579.4416205521239,-133.22421251596214
41,41.0,613.0005008829169,-68.2343026471049
42,42.0,612.9466982701235,-95.01986272954854
43,43.0,610.8936640281258,-66.9622563410567
44,44.0,613.0992354221761,-147.40869421540862
45,45.0,611.0089265520946,-157.04666241491623
46,46.0,613.0509459740355,-174.70068773024747
47,47.0,613.059230894489,-192.9931459927892
48,48.0,611.000641631641,-156.30505748237988
49,49.0,614.8232329529369,-188.12097810674558
50,50.0,579.4330310880788,-267.7074091291028
51,51.0,612.9922159624633,-88.89757452727719
52,52.0,612.9541284392058,-94.56927679473088
53,53.0,610.8864859831466,-121.67063899650948
54,54.0,579.4330310880788,-202.85234016788596
55,55.0,610.9629180185211,-103.94904519181269
56,56.0,579.4433300548667,-204.26070596465493
57,57.0,612.9458435187521,-75.84127631625313
58,58.0,612.9541284392058,-94.3967039221014
59,59.0,579.4433300548667,-176.0964098369717
60,60.0,579.4416205521239,-138.35570650427164
61,61.0,579.4330310880788,-138.33177857430178
62,62.0,579.4416205521239,-137.9408737461036
63,63.0,579.4330310880788,-138.1232897867853
64,64.0,579.4416205521239,-137.9408737461036
65,65.0,614.7159740955071,-88.58390216701596
66,66.0,612.9415487867295,-119.55016448554875
67,67.0,579.4581903930311,-175.73595951406244
68,68.0,613.0005008829169,-76.39699229509196
69,69.0,579.4433300548667,-176.59351711762346
70,70.0,614.2385175687565,-49.576915946889585
71,71.0,586.1478974742923,-153.53787294991432
72,72.0,612.9930707138346,-80.64675454942149
73,73.0,612.85582326272,-94.75907082557232
74,74.0,582.9062394026955,-201.25729461262412
75,75.0,582.846596187554,-190.29582461535713
76,76.0,582.846596187554,-215.40762536110438
77,77.0,579.4581903930311,-190.36495696718794
78,78.0,582.8891368182115,-189.60469539273936
79,79.0,579.4416205521239,-163.8343058198383
80,80.0,579.4581903930311,-163.83430581983828
81,81.0,582.8891368182115,-163.83430581983828
82,82.0,582.8891368182115,-187.47774327177294
83,83.0,612.9930707138346,-109.63779159931178
84,84.0,579.4416205521239,-170.10385522516432
85,85.0,615.0994351837948,-98.60435513423676
86,86.0,579.691646245324,-242.85638411129597
87,87.0,613.5143453968749,-149.94495927071858
88,88.0,576.2731504810271,-230.11424600032765
89,89.0,582.8891368182115,-181.9517557740459
90,90.0,579.4433300548667,-157.40551740647012
91,91.0,572.8891208299884,-130.9045013901739
92,92.0,579.4416205521239,-103.60016602228428
93,93.0,614.1155222326825,-127.63389670114643
94,94.0,576.2566333765946,-268.70672332822636
95,95.0,573.1291756397026,-206.57753652016132
96,96.0,576.2360427372988,-179.71757626819058
97,97.0,611.9505907491075,-118.49135689591185
98,98.0,614.0960597917474,-186.1619258653947
99,99.0,569.7880739048484,-247.4426968274297
100,100.0,569.7521961312274,-157.84160874468958
101,101.0,569.7521961312274,-131.69437597809085
102,102.0,573.1291756397026,-157.35941819773558
103,103.0,614.4684049129742,-112.59955020952216
104,104.0,614.467405403056,-114.32762559139393
105,105.0,616.6767859809654,-154.4403544348296
106,106.0,614.4256820262643,-133.38999041046156
107,107.0,614.6693290116154,-134.30127285288074
108,108.0,610.7279256459261,-134.58005053465737
109,109.0,614.61013851712,-133.21778491627225
110,110.0,612.8890230894201,-158.21017493240782
111,111.0,573.1456411854923,-212.23992742835617
112,112.0,563.6592021030259,-196.36439194899876
113,113.0,605.6037209211668,-109.21392652574671
114,114.0,605.6541462202892,-87.01482870203495
115,115.0,609.8599237651836,-89.84216374894133
116,116.0,607.8134830058905,-124.94293116414921
117,117.0,609.8599237651836,-108.13607081278998
118,118.0,609.814787414274,-90.83953171692798
119,119.0,560.4387715540925,-172.63296984370245
120,120.0,560.4387715540925,-136.9869801939386
121,121.0,609.8664887529426,-73.30761882299481
122,122.0,609.814787414274,-90.65456148213842
123,123.0,609.814787414274,-90.4559646685844
124,124.0,612.0229887019757,-129.36827309117842
125,125.0,610.5289218164066,-158.5740255044447
126,126.0,608.389186641235,-138.14413575999066
127,127.0,610.5289218164066,-158.3014921776078
128,128.0,606.1685613496031,-107.24767123590628
129,129.0,606.1685613496031,-71.88402451713705
130,130.0,610.539376724649,-143.09558876456273
131,131.0,607.6392984735517,-96.30651680191541
132,132.0,609.8007332706879,-70.37718852658526
133,133.0,606.1685613496031,-65.5389616023939
134,134.0,608.485519286822,-186.38764996966995
135,135.0,610.539376724649,-200.31491064968316
136,136.0,612.0166788363565,-167.50165595032357
137,137.0,610.5457581884973,-156.28028045160752
138,138.0,610.5457581884973,-178.6363892059835
139,139.0,612.7971708898071,-231.41395382883238
140,140.0,608.3363776105878,-165.66992760215885
141,141.0,608.4778539130043,-202.241370148551
142,142.0,557.5100602338921,-294.53596222639624
143,143.0,608.3287122367701,-112.05370973935095
144,144.0,610.4868080664746,-157.8859471025566
145,145.0,608.2790098169685,-138.09392749664744
146,146.0,608.3363776105878,-119.33257748745551
147,147.0,608.3363776105878,-119.88359312422247
148,148.0,608.3287122367701,-119.75911766150574
149,149.0,608.485519286822,-202.1168946858343
150,150.0,606.277608681982,-194.44485461545796
151,151.0,608.3287122367701,-136.23247209128704
152,152.0,608.3363776105878,-119.63464219878902
153,153.0,610.5457581884973,-159.05212384539652
154,154.0,609.7996098151013,-128.18184728669877
155,155.0,612.0166788363565,-125.30204707198708
156,156.0,608.3363776105878,-117.11174973043349
157,157.0,612.0166788363565,-147.87406946820852
158,158.0,610.5457581884973,-156.28028045160752
159,159.0,609.8072982584471,-128.28980410762148
160,160.0,612.0089903930109,-125.4100038929098
161,161.0,612.0166788363565,-144.8863124325741
162,162.0,612.0166788363565,-145.10222607441955
163,163.0,612.0089903930109,-144.9942692534968
164,164.0,612.0089903930109,-144.77835561165136
165,165.0,608.3363776105878,-116.89583608858806
166,166.0,608.3363776105878,-119.88359312422247
167,167.0,612.0089903930109,-147.7661126472858
168,168.0,609.7996098151013,-105.60982489047734
169,169.0,609.8072982584471,-86.13351635081304
170,170.0,612.0166788363565,-125.51796071383252
171,171.0,612.0089903930109,-144.9942692534968
172,172.0,612.0166788363565,-144.8863124325741
173,173.0,612.0089903930109,-144.9942692534968
174,174.0,609.9487514913355,-188.09207737752263
175,175.0,612.0089903930109,-166.435216494587
176,176.0,609.9487514913355,-188.09207737752263
177,177.0,612.0166788363565,-166.54317331550973
178,178.0,609.7996098151013,-105.82573853232277
179,179.0,560.4519015296106,-167.374529514187
180,180.0,612.0166788363565,-106.65101705628378
181,181.0,612.0166788363565,-145.10222607441955
182,182.0,611.9577056448059,-144.20151889880708
183,183.0,609.9564399346812,-187.8036590211005
184,184.0,612.0089903930109,-166.65113013643244
185,185.0,609.7996098151013,-105.60982489047734
186,186.0,560.4365246429193,-167.15861587234156
187,187.0,612.0166788363565,-106.4351034144383
188,188.0,607.7561947036589,-139.3783060636751
189,189.0,612.0089903930109,-142.13230924812459
190,190.0,609.7996098151013,-105.60982489047734
191,191.0,557.5100602338921,-189.73063826856298
192,192.0,606.2852740557996,-134.4612601771033
193,193.0,612.2641115693604,-281.4761033266146
194,194.0,609.9564399346812,-247.38902552657146
195,195.0,611.6428087495694,-223.6436477226493
196,196.0,606.1440402863363,-178.7627392566193
197,197.0,560.6910994010444,-240.28189762025724
198,198.0,560.7351849344398,-229.01640394817426
199,199.0,563.7067676258087,-284.3367080267223
200,200.0,560.3726756200747,-233.20125348275283
201,201.0,566.7147560311599,-185.96726638237388
202,202.0,566.6464568147504,-170.92962310108547
203,203.0,569.7043732954918,-162.57326006231415
204,204.0,573.1212284438823,-176.13946979678062
205,205.0,613.5143453968749,-112.0127831441468
206,206.0,613.5143453968749,-115.49785499585963
207,207.0,613.4957915250109,-127.332679125016
208,208.0,615.0985804324234,-129.02846545617544
209,209.0,611.3533499309874,-86.52381650564942
210,210.0,615.2248781680537,-137.48812759511196
211,211.0,573.1456411854923,-266.21814196327006
212,212.0,613.5071323359718,-151.21385635640533
213,213.0,573.1316317057876,-237.0596913993293
214,214.0,573.1456411854923,-212.10544277927053
215,215.0,615.648265307503,-187.33721025007037
216,216.0,579.4433300548667,-231.47703229517495
217,217.0,576.258724359221,-144.45659591194996
218,218.0,613.5143453968749,-103.14196199157865
219,219.0,613.5071323359718,-137.55809880499572
220,220.0,576.258724359221,-213.7018819964843
221,221.0,617.2519089662869,-142.15973870423835
222,222.0,615.0994351837948,-125.8225662269224
223,223.0,573.1091047352604,-215.88473085190876
224,224.0,573.1316317057876,-191.1431385663409
225,225.0,615.6596061184641,-187.53532850891182
226,226.0,613.5143453968749,-157.1153581702493
227,227.0,615.6102964807334,-175.52968204582461
228,228.0,576.2731504810271,-251.47998120161822
229,229.0,576.2731504810271,-165.21551223668143
230,230.0,613.4957915250109,-113.30189173193916
231,231.0,613.5071323359718,-137.5320544186855
232,232.0,611.4154066810536,-104.73469571778281
233,233.0,576.2731504810271,-180.7899392012121
234,234.0,615.6720638195468,-151.3472042654268
235,235.0,576.258724359221,-252.8840646503843
236,236.0,576.258724359221,-170.3786394719789
237,237.0,576.2360427372988,-173.1429267464697
238,238.0,615.1450055676935,-114.50029031393926
239,239.0,615.1555707193049,-124.51773681079437
240,240.0,618.4039109667505,-139.02116720335977
241,241.0,618.4115951110732,-150.1489395510452
242,242.0,586.1632657629378,-216.5959969929338
243,243.0,614.2385175687565,-58.082218191248856
244,244.0,614.2835169219977,-63.5604468016282
245,245.0,614.2781826123687,-63.739066019293176
246,246.0,616.2989819798363,-91.2332818144383
247,247.0,616.2936476702073,-105.03494621280444
248,248.0,616.2936476702073,-104.96220421174637
249,249.0,614.2385175687565,-77.03800798021315
250,250.0,616.2989819798363,-91.09103359730237
251,251.0,616.2989819798363,-105.0713172133335
252,252.0,616.2989819798363,-105.0713172133335
253,253.0,586.1478974742923,-187.64077222110484
254,254.0,616.3453544235475,-88.13950426461375
255,255.0,586.1372288550342,-188.06676226355566
256,256.0,579.420490248901,-146.88370158057214
257,257.0,579.4581903930311,-140.5071612528282
258,258.0,613.0518007254068,-137.4456446322317
259,259.0,612.8855369871351,-122.84745053926008
260,260.0,579.3696558996254,-173.3482335579631
261,261.0,612.6058647213463,-45.67199681852098
262,262.0,582.6871834497892,-123.58150368702125
263,263.0,582.6871834497892,-95.39189646605477
264,264.0,582.6871834497892,-98.33696178464787
265,265.0,614.1647811669643,-47.13544219410879
266,266.0,586.0716760240637,-185.74283974980958
267,267.0,612.1774131517581,-90.92971300015842
268,268.0,613.9481690202163,-145.23692886741048
269,269.0,589.4815887261435,-245.12441634561696
270,270.0,613.8351345402582,-86.01671867359084
271,271.0,586.1632657629378,-210.83140692486256
272,272.0,608.2432469734379,-120.67424691977203
273,273.0,608.247686537737,-148.34786135694665
274,274.0,608.5828892345266,-170.6190252804771
275,275.0,589.4815887261435,-225.54623609319492
276,276.0,586.1461079836325,-164.3430525103175
277,277.0,589.4643744691072,-167.3726653574644
278,278.0,610.0220314331376,-111.44354150280662
279,279.0,610.3123515014482,-168.50487625810308
280,280.0,610.2808677676126,-202.703188279863
281,281.0,608.3112897386825,-175.00455744326757
282,282.0,586.0946528988416,-246.65292890295345
283,283.0,606.3470125247175,-124.5895245077129
284,284.0,589.4127499792513,-207.45209476420587
285,285.0,592.863101481117,-161.1376535617463
286,286.0,589.4643744691072,-140.8721634824096
287,287.0,592.863101481117,-123.01313801208221
288,288.0,608.0834439297605,-125.93528668304414
289,289.0,606.05816129872,-158.9889544299565
290,290.0,589.4815887261435,-218.8807746054309
291,291.0,589.4815887261435,-166.902263362478
292,292.0,592.845829425937,-146.329491407667
293,293.0,607.7402816486168,-88.02161667321435
294,294.0,592.845829425937,-177.73523069580884
295,295.0,589.4815887261435,-125.75671945285599
296,296.0,606.2645632511242,-127.14324886634792
297,297.0,606.3382494305347,-155.0009840876192
298,298.0,602.4094218605235,-100.68049100678374
299,299.0,585.9911997276917,-149.7139478690486
300,300.0,604.3129667994941,-75.16482169476407
301,301.0,608.0748368012423,-153.3227209320438
302,302.0,608.0748368012423,-191.3100873753159
303,303.0,604.394599966883,-153.34348420141896
304,304.0,592.845829425937,-183.90703123685125
305,305.0,586.0078787115627,-111.81470982779199
306,306.0,589.4643744691072,-135.80701375473288
307,307.0,606.038332659293,-122.89432643692753
308,308.0,604.3582552641176,-151.8490592708296
309,309.0,604.3582552641176,-93.70430625982209
310,310.0,602.453458598329,-118.65365965032898
311,311.0,585.9689261109389,-168.15895992458638
312,312.0,585.9911997276917,-167.96986553457876
313,313.0,589.4643744691072,-140.33339886820093
314,314.0,585.9911997276917,-140.01821050549222
315,315.0,586.0078787115627,-139.38717638230546
316,316.0,592.8227765203891,-117.98517146628699
317,317.0,608.126115836234,-123.93838120316299
318,318.0,608.126115836234,-188.6835513310491
319,319.0,589.4815887261435,-248.23089806006965
320,320.0,589.4815887261435,-167.32559151811068
321,321.0,610.0141104846714,-121.47397557927457
322,322.0,589.4657468292112,-221.54526112344786
323,323.0,608.0563513349757,-149.41892355402663
324,324.0,589.4657468292112,-249.3951617059689
325,325.0,609.9500141476814,-122.5237258519384
326,326.0,610.0220314331376,-149.0255190500729
327,327.0,589.4657468292112,-221.49773742733234
328,328.0,589.4657468292112,-167.42063891034175
329,329.0,589.4657468292112,-167.46816260645727
330,330.0,589.4657468292112,-167.46816260645727
331,331.0,607.9813429335043,-95.90490025108683
332,332.0,608.0484303865096,-163.66105422439918
333,333.0,608.0530308022344,-135.96113211651192
334,334.0,607.9813429335043,-109.65775430720737
335,335.0,606.0955288148773,-134.0586746674279
336,336.0,609.9420931992152,-148.75732116738186
337,337.0,589.4657468292112,-222.57124954805394
338,338.0,608.0018368018839,-148.75943087222535
339,339.0,606.0449342794905,-159.80013968622808
340,340.0,606.0955288148773,-145.52817449644704
341,341.0,589.4551346876843,-219.63323541563378
342,342.0,607.9813429335043,-95.69782982160751
343,343.0,589.4657468292112,-195.90490025108684
344,344.0,589.4551346876843,-167.26109217697797
345,345.0,609.8897913039791,-121.6486964677233
346,346.0,606.0955288148773,-146.8788051683763
347,347.0,606.0902227441138,-145.92284224970138
348,348.0,608.0484303865096,-175.421686591933
349,349.0,609.9367871284518,-163.45497573112783
350,350.0,589.4551346876843,-222.15710868909534
351,351.0,589.4551346876843,-166.84695131801934
352,352.0,609.9367871284518,-122.15710868909531
353,353.0,589.4551346876843,-222.15710868909534
354,354.0,608.0018368018839,-148.44882522800634
355,355.0,589.4551346876843,-248.55236044274602
356,356.0,589.4551346876843,-167.05402174749864
357,357.0,589.4657468292112,-167.05402174749864
358,358.0,606.0902227441138,-119.63323541563378
359,359.0,589.4551346876843,-219.4261649861545
360,360.0,606.0955288148773,-119.52970020089413
361,361.0,609.9420931992152,-148.75732116738186
362,362.0,589.4815887261435,-222.3826164667275
363,363.0,608.0484303865096,-149.25405232075795
364,364.0,589.4551346876843,-249.23561497260508
365,365.0,608.0477442064575,-149.03818694000842
366,366.0,589.4657468292112,-249.0478293368911
367,367.0,589.4657468292112,-167.07330654126403
368,368.0,589.4657468292112,-167.46816260645727
369,369.0,589.4657468292112,-167.46816260645727
370,370.0,606.0992187138825,-70.54439590584815
371,371.0,604.2594429643566,-94.75591823424816
372,372.0,606.0955288148773,-132.59147190920936
373,373.0,589.4657468292112,-219.8403058451131
374,374.0,608.0484303865096,-149.4426854020844
375,375.0,589.4657468292112,-249.4426854020844
376,376.0,589.4551346876843,-167.26109217697797
377,377.0,589.4643744691072,-166.8662361117847
378,378.0,608.0484303865096,-148.94429412215146
379,379.0,589.4657468292112,-249.4426854020844
380,380.0,606.0948426348252,-119.64287781251649
381,381.0,606.0955288148773,-145.6315213992478
382,382.0,606.0955288148773,-146.02637746444103
383,383.0,606.0955288148773,-146.02637746444103
384,384.0,608.0484303865096,-175.6287570214123
385,385.0,589.4657468292112,-249.4426854020844
386,386.0,608.0477442064575,-149.24525736948777
387,387.0,589.4815887261435,-248.8591962555647
388,388.0,608.0477442064575,-148.8591962555647
389,389.0,589.4643744691072,-248.65297327169787
390,390.0,608.0484303865096,-148.8504013042945
391,391.0,589.4657468292112,-249.4426854020844
392,392.0,589.4643744691072,-167.07330654126403
393,393.0,589.4657468292112,-167.07330654126403
394,394.0,589.4643744691072,-166.67845047607076
395,395.0,589.4657468292112,-167.07330654126403
396,396.0,606.1034497633434,-119.54856127185327
397,397.0,608.0477442064575,-175.24269590748926
398,398.0,589.4551346876843,-248.8407589074118
399,399.0,608.0477442064575,-148.8407589074118
400,400.0,589.4551346876843,-248.8407589074118
401,401.0,608.0431243157461,-148.9346517252688
402,402.0,589.4551346876843,-249.02854454312578
403,403.0,606.0955288148773,-119.52970020089413
404,404.0,606.1182279549438,-144.37553484857472
405,405.0,589.4643744691072,-217.6910719493139
406,406.0,589.4815887261435,-166.6776030304583
407,407.0,589.4643744691072,-166.48981739474436
408,408.0,589.4643744691072,-166.48981739474436
409,409.0,589.4657468292112,-166.67845047607076
410,410.0,589.4657468292112,-167.07330654126403
411,411.0,606.0902227441138,-119.73677063037344
412,412.0,608.0431243157461,-175.31815137719332
413,413.0,589.4551346876843,-249.02854454312578
414,414.0,589.4551346876843,-166.84695131801934
415,415.0,606.0902227441138,-119.42616498615449
416,416.0,589.4643744691072,-219.23837935044057
417,417.0,589.4657468292112,-166.86623611178473
418,418.0,589.4657468292112,-167.07330654126403
419,419.0,589.4551346876843,-167.26109217697797
420,420.0,589.4551346876843,-167.05402174749864
421,421.0,589.4551346876843,-166.84695131801934
422,422.0,606.0955288148773,-119.52970020089413
423,423.0,589.4643744691072,-219.44544977991987
424,424.0,589.4551346876843,-166.8662361117847
425,425.0,606.0948426348252,-119.23837935044057
426,426.0,589.4643744691072,-219.0505937147266
427,427.0,610.0024226093586,-183.94243109499087
428,428.0,606.0948426348252,-178.03467929468343
429,429.0,589.4551346876843,-219.23837935044057
430,430.0,589.4643744691072,-166.47138004659146
431,431.0,589.4643744691072,-166.47138004659146
432,432.0,589.4643744691072,-166.28359441087753
433,433.0,589.4643744691072,-166.28359441087753
434,434.0,589.4815887261435,-166.48981739474436
435,435.0,589.4643744691072,-166.48981739474436
436,436.0,607.9965307311204,-148.16672305162922
437,437.0,589.4643744691072,-248.15750437755278
438,438.0,589.4643744691072,-166.47138004659146
439,439.0,606.0948426348252,-119.0505937147266
440,440.0,608.0477442064575,-175.03647292362243
441,441.0,589.4643744691072,-248.65297327169787
442,442.0,589.4551346876843,-166.47138004659146
443,443.0,608.0477442064575,-148.8407589074118
444,444.0,589.4643744691072,-248.65297327169787
445,445.0,606.0948426348252,-119.0505937147266
446,446.0,589.4551346876843,-219.23837935044057
447,447.0,606.0948426348252,-119.23837935044057
448,448.0,608.0477442064575,-175.03647292362243
449,449.0,606.0948426348252,-160.2352831451368
450,450.0,608.0477442064575,-175.03647292362243
451,451.0,606.0948426348252,-160.2352831451368
452,452.0,589.4643744691072,-219.0505937147266
453,453.0,589.4643744691072,-166.28359441087753
454,454.0,606.0495541702019,-118.46832863769723
455,455.0,608.0748368012423,-172.95030559405654
456,456.0,589.4643744691072,-246.8579384806467
457,457.0,589.4815887261435,-166.48981739474436
458,458.0,589.4551346876843,-166.6776030304583
459,459.0,589.4657468292112,-167.07245909565154
460,460.0,589.4815887261435,-167.07245909565154
461,461.0,609.9938154808405,-184.2429706195209
462,462.0,589.4643744691072,-283.83931960305745
463,463.0,606.0948426348252,-119.0505937147266
464,464.0,589.4643744691072,-219.0505937147266
465,465.0,589.4643744691072,-166.28359441087753
466,466.0,589.4643744691072,-166.28359441087753
467,467.0,589.4643744691072,-166.28359441087753
468,468.0,589.4643744691072,-166.28359441087753
469,469.0,608.0477442064575,-148.65297327169787
470,470.0,606.0948426348252,-160.2352831451368
471,471.0,589.4815887261435,-219.25681669859344
472,472.0,608.0563513349757,-148.96230774749813
473,473.0,589.4815887261435,-249.06541923943155
474,474.0,589.4815887261435,-166.902263362478
475,475.0,589.4643744691072,-166.69604037861117
476,476.0,608.0477442064575,-148.7560847636313
477,477.0,606.0495541702019,-159.65301806810737
478,478.0,589.4815887261435,-218.67455162156406
479,479.0,589.4643744691072,-166.48981739474436
480,480.0,608.0477442064575,-148.7560847636313
481,481.0,589.4551346876843,-248.8407589074118
482,482.0,608.0477442064575,-148.8407589074118
483,483.0,589.4643744691072,-248.65297327169787
484,484.0,606.0948426348252,-119.0505937147266
485,485.0,606.1642856963267,-144.46509444142202
486,486.0,604.2508358358384,-118.45704895622606
487,487.0,608.0477442064575,-161.79020044971716
488,488.0,589.4643744691072,-248.65297327169787
489,489.0,589.4643744691072,-166.28359441087753
490,490.0,609.8944111946905,-121.45859387713172
491,491.0,610.3779124500181,-167.25671271397937
492,492.0,610.1125311263729,-106.91691006763934
493,493.0,582.6641818256551,-122.0208074076176
494,494.0,582.8378472907092,-122.49184992626401
495,495.0,579.4433300548667,-145.3372986496372
496,496.0,576.2566333765946,-177.92022756477715
497,497.0,616.835915127451,-128.23500904132183
498,498.0,620.5539882929392,-193.06653636383658
499,499.0,613.0432783829403,-89.6619447933017
500,500.0,579.4433300548667,-156.45169462978754
501,501.0,582.6871834497892,-151.79066065015982
502,502.0,576.2731504810271,-121.67703406028323
503,503.0,579.4581903930311,-120.34763356553371
504,504.0,579.4581903930311,-138.16787589340962
505,505.0,579.4416205521239,-115.82541231237083
506,506.0,579.4433300548667,-114.71897186794183
507,507.0,615.5492748761159,-64.62397726534451
508,508.0,579.4581903930311,-175.03220057792075
509,509.0,576.2731504810271,-156.07785351791222
510,510.0,582.8913251163884,-159.8439821166692
511,511.0,615.184309670437,-143.15950547429483
512,512.0,579.7086948816653,-282.162214401458
513,513.0,582.8913251163884,-238.00539326914281
514,514.0,618.8173844778701,-115.83711894876426
515,515.0,615.6720638195468,-176.625239012048
516,516.0,576.2566333765946,-264.9576743536699
517,517.0,617.3898096516286,-182.27072822619283
518,518.0,579.4330310880788,-277.3193879900902
519,519.0,616.7655608044836,-67.59342672254417
520,520.0,579.4581903930311,-155.07211173458742
521,521.0,617.2025993285563,-141.01929455150741
522,522.0,617.2717968364518,-181.899067321978
523,523.0,579.4581903930311,-227.84638922318052
524,524.0,612.9229405083943,-59.53847474664266
525,525.0,617.2643666673696,-147.0866043823528
526,526.0,617.2025993285563,-182.47266357736848
527,527.0,615.1564254706764,-143.60783822388038
528,528.0,617.3091972685186,-163.0405684958398
529,529.0,579.4581903930311,-228.67422574819875
530,530.0,616.8804230014372,-101.83104745819742
531,531.0,579.4581903930311,-214.17233461486305
532,532.0,614.773768007522,-82.22690601033125
533,533.0,617.1735925117039,-174.6304607147453
534,534.0,614.6116901168241,-126.91884570229574
535,535.0,617.2643666673696,-171.0100906499964
536,536.0,614.7726738584336,-123.22070066495775
537,537.0,618.9830022910908,-182.7247771768648
538,538.0,617.2643666673696,-205.6380455641634
539,539.0,617.3091972685186,-182.15365867462037
540,540.0,617.2643666673696,-181.67451613006745
541,541.0,618.8384469070006,-196.2865618196891
542,542.0,579.4433300548667,-255.0685373764652
543,543.0,617.3091972685186,-140.93563423139645
544,544.0,617.3091972685186,-182.6328012191733
545,545.0,615.1564254706764,-143.44833577250637
546,546.0,615.1638556397586,-123.83606680223623
547,547.0,582.8356896098909,-213.37317407530222
548,548.0,617.2717968364518,-151.59935443286332
549,549.0,617.2100294976385,-182.241682695583
550,550.0,617.2025993285563,-182.81492786795877
551,551.0,617.2100294976385,-183.00583625587103
552,552.0,617.2643666673696,-181.7939460875682
553,553.0,613.0572006458433,-111.00372837648497
554,554.0,579.4581903930311,-157.5042592031267
555,555.0,579.4581903930311,-120.75707480624969
556,556.0,615.1638556397586,-89.44968780765852
557,557.0,579.4581903930311,-189.4496878076585
558,558.0,582.6871834497892,-100.66087825658404
559,559.0,612.9930707138346,-37.679511653403694
560,560.0,614.6021043488138,-86.81087284676953
561,561.0,615.6102964807334,-180.94373507454432
562,562.0,612.9930707138346,-132.38685414863733
563,563.0,611.7745226445985,-106.11280580827922
564,564.0,579.4433300548667,-186.14177407542238
565,565.0,611.4007678660118,-66.60125396205424
566,566.0,579.4433300548667,-178.3502297899332
567,567.0,615.0994351837948,-99.82025562596534
568,568.0,613.1185136980937,-116.87571477729611
569,569.0,614.7170682445956,-138.03739442338195
570,570.0,579.4433300548667,-181.84758831826852
571,571.0,615.0994351837948,-101.56893489013301
572,572.0,579.4433300548667,-189.24065849040005
573,573.0,612.9930707138346,-57.19103551880258
574,574.0,609.7159661013956,-74.82330986703215
575,575.0,611.8223305713557,-104.53417545400231
576,576.0,612.9466982701235,-89.03478024202369
577,577.0,579.4433300548667,-156.54707310030906
578,578.0,579.4433300548667,-119.58772943771618
579,579.0,615.0994351837948,-89.24065849040005
580,580.0,612.9930707138346,-92.01750004514452
581,581.0,612.9930707138346,-75.9926885593458
582,582.0,615.0994351837948,-108.04231153094325
583,583.0,615.0516272570376,-123.30699598639157
584,584.0,615.0590574261198,-122.83531255603494
585,585.0,615.0516272570376,-122.74369264085352
586,586.0,616.7756247877985,-135.25520887094933
587,587.0,612.9466982701235,-115.65002691094169
588,588.0,579.4433300548667,-156.54707310030906
589,589.0,576.0614338501376,-98.31819965988302
590,590.0,579.4433300548667,-98.31819965988302
591,591.0,611.7745226445985,-76.67638787881944
592,592.0,579.4433300548667,-186.14177407542238
593,593.0,615.0516272570376,-87.311152767736
594,594.0,579.4433300548667,-188.48053146004963
595,595.0,613.0005008829169,-57.09941560362114
596,596.0,612.9930707138346,-75.80944872898291
597,597.0,572.8891208299884,-154.8522781341753
598,598.0,579.4433300548667,-117.24897205308888
599,599.0,615.0516272570376,-87.311152767736
600,600.0,613.3606791546731,-112.2921675822998
601,601.0,617.2025993285563,-140.83784938845804
602,602.0,579.4581903930311,-227.47773832476162
603,603.0,612.9541284392058,-56.272213354764745
604,604.0,609.6767809392659,-73.58594302351132
605,605.0,579.4416205521239,-153.6441233444434
606,606.0,579.4581903930311,-115.92851823161358
607,607.0,579.4416205521239,-115.19149010979679
608,608.0,573.1456411854923,-152.16983147874228
609,609.0,617.7179227341553,-123.72522633372778
610,610.0,576.2566333765946,-204.69150752688827
611,611.0,611.895778082498,-111.12456614555646
612,612.0,611.895778082498,-158.58685918087752
613,613.0,611.4079809269149,-116.18239061871537
614,614.0,616.0974609267339,-123.89614590692895
615,615.0,614.153348093979,-198.6305069824587
616,616.0,614.153348093979,-215.74503084778695
617,617.0,611.8238273170275,-119.93390515150112
618,618.0,612.0005762961368,-129.44775824804805
619,619.0,611.8238273170275,-100.73805027570313
620,620.0,614.0960597917474,-169.09606522538883
621,621.0,616.303309762622,-269.422023950102
622,622.0,612.0075810359891,-204.16740424640705
623,623.0,611.8785038900483,-135.42902141238835
624,624.0,614.053754893869,-151.35215373080874
625,625.0,615.6102964807334,-205.8935107094112
626,626.0,611.3616084832037,-112.8671229974139
627,627.0,611.9505907491075,-120.39680439853493
628,628.0,615.5564879370189,-116.96767509151256
629,629.0,615.6668191793672,-145.27951665161916
630,630.0,609.8372215392951,-120.63568654128687
631,631.0,611.9435860092552,-141.48879317885957
632,632.0,611.8295178529372,-134.56404037312603
633,633.0,615.6092509894202,-137.10144955073667
634,634.0,613.5019564843408,-140.84112942122755
635,635.0,576.2566333765946,-197.5171431829468
636,636.0,573.1291756397026,-171.2602929741519
637,637.0,576.2731504810271,-169.20357151462312
638,638.0,569.7741148386648,-164.02985543004016
639,639.0,613.973987385659,-114.95321034106776
640,640.0,572.9034953931515,-184.01098594009815
641,641.0,613.9819916354294,-84.1075557896927
642,642.0,572.9034953931515,-184.20412563928724
643,643.0,613.9819916354294,-84.20412563928724
644,644.0,572.9034953931515,-184.20412563928724
645,645.0,613.9819916354294,-84.20412563928724
646,646.0,613.9819916354294,-138.91357522288922
647,647.0,611.8295178529372,-100.53565606350394
648,648.0,612.3679917204553,-128.6666512593581
649,649.0,614.4941335291575,-133.72302715667144
650,650.0,612.3069701158378,-83.74974402410552
651,651.0,616.1471633465355,-113.0577349607696
652,652.0,616.2963050227697,-241.34268114080416
653,653.0,573.1316317057876,-325.5769663956168
654,654.0,614.4256820262643,-123.68682313557568
655,655.0,610.2718071087857,-106.71023133749816
656,656.0,612.4242808912778,-142.24633910882534
657,657.0,612.4242808912778,-161.12041872000128
658,658.0,612.4745896604176,-159.89453721977316
659,659.0,569.7880739048484,-215.02642662397193
660,660.0,612.3749712535471,-114.58862065881634
661,661.0,569.7880739048484,-213.4706703046298
662,662.0,566.6929852008541,-141.60881741005844
663,663.0,613.0878671854558,-182.42379617419175
664,664.0,566.6929852008541,-289.67000507708616
665,665.0,566.7124074525007,-173.59421943309545
666,666.0,612.9967417143876,-108.49377323280929
667,667.0,608.7909641694932,-121.61204742740597
668,668.0,608.7909641694932,-119.76976097373003
669,669.0,610.9437359673354,-157.40368954621408
670,670.0,610.9516903603337,-176.33705254588818
671,671.0,610.9516903603337,-176.56984997275237
672,672.0,610.8944020581022,-177.8030351369813
673,673.0,613.0046961073858,-143.2370868897347
674,674.0,614.67753657775,-140.82701690172138
675,675.0,613.0046961073858,-156.00821732838858
676,676.0,608.7989185624915,-121.96124356770224
677,677.0,612.9455056128903,-124.88596647178505
678,678.0,613.0046961073858,-126.18703470025758
679,679.0,612.4242808912778,-150.14803250058813
680,680.0,612.9455056128903,-122.95887373248738
681,681.0,610.9516903603337,-160.1363903653897
682,682.0,610.9516903603337,-176.56984997275237
683,683.0,610.8944020581022,-177.8030351369813
684,684.0,610.8944020581022,-178.41962771909573
685,685.0,610.8944020581022,-178.41962771909573
686,686.0,613.0046961073858,-143.2370868897347
687,687.0,613.0046961073858,-125.64581647505418
688,688.0,613.0046961073858,-125.64581647505418
689,689.0,613.0437655791152,-210.1925033678109
690,690.0,612.9979160037173,-168.01771335626015
691,691.0,613.0046961073858,-125.84292334470938
692,692.0,610.9340248415122,-159.99851437083004
693,693.0,569.7521961312274,-224.48307207793013
694,694.0,615.1564254706764,-97.28046598007917
695,695.0,582.8167407380996,-220.5397713602491
696,696.0,612.4257523135325,-120.33211418894939
697,697.0,582.6858727545635,-169.86394563770088
698,698.0,582.7024965436134,-84.97897550230046
699,699.0,582.641258844564,-90.8060191995467
700,700.0,586.1372288550342,-121.07964502345635
701,701.0,612.2995117536198,-96.13290432844208
702,702.0,582.6641818256551,-187.8660390289781
703,703.0,610.3123515014482,-127.08109799236513
704,704.0,586.1632657629378,-259.30647068069703
705,705.0,614.3077715591517,-163.9253459402461
706,706.0,586.1478974742923,-269.6402659372802
707,707.0,608.5166219640445,-161.71515882393413
708,708.0,585.9911997276917,-209.84745920853234
709,709.0,586.0078787115627,-106.12392422810433
710,710.0,586.0078787115627,-86.66540158478914
711,711.0,585.9911997276917,-86.66540158478914
712,712.0,586.0078787115627,-86.52871349925674
713,713.0,609.9790301099379,-71.92195592096576
714,714.0,586.0078787115627,-182.7945761276625
715,715.0,585.9911997276917,-108.22296142278246
716,716.0,610.1692854506085,-90.36344032028325
717,717.0,608.233835610712,-112.9539510023153
718,718.0,608.2421751026475,-98.30964682177513
719,719.0,585.9911997276917,-160.36598591574852
720,720.0,614.2377621777869,-77.82702021197764
721,721.0,582.6079526729819,-173.77237238618315
722,722.0,612.9879212304407,-48.921397504245306
723,723.0,582.6641818256551,-161.3283455836266
724,724.0,617.4418796819178,-141.4409922685989
725,725.0,576.2566333765946,-292.71121316007964
726,726.0,576.2566333765946,-201.37287079863222
727,727.0,576.2566333765946,-163.90646367754857
728,728.0,576.2360427372988,-154.8537374852462
729,729.0,573.1456411854923,-168.81005317770752
730,730.0,566.6464568147504,-179.75124378798228
731,731.0,566.7283162384971,-190.47879131775844
732,732.0,610.9449102566651,-147.07290221319647
733,733.0,610.9449102566651,-179.79364615918698
734,734.0,613.1404382728475,-229.8185877596819
735,735.0,613.145461237448,-254.77151413555825
736,736.0,610.8825989898331,-205.9819188126629
737,737.0,610.8876219544336,-181.40848787810194
738,738.0,610.8876219544336,-181.64666557558633
739,739.0,610.8876219544336,-181.64666557558633
740,740.0,612.417301358186,-170.93508138686195
741,741.0,610.2648275756937,-111.59446136919425
742,742.0,612.417301358186,-130.55318718930374
743,743.0,613.0878671854558,-210.79963087738207
744,744.0,612.417301358186,-196.22314822648417
745,745.0,610.8876219544336,-160.22349719813764
746,746.0,610.8876219544336,-181.64666557558633
747,747.0,610.8876219544336,-181.64666557558633
748,748.0,610.8876219544336,-181.64666557558633
749,749.0,610.8876219544336,-181.64666557558633
750,750.0,613.0261000602936,-231.08899390328324
751,751.0,612.3749712535471,-194.8300089239583
752,752.0,610.8383123167029,-159.05869609656114
753,753.0,610.2538682219752,-132.69817450559907
754,754.0,612.2960107621191,-63.67454346562003
755,755.0,614.4574455592555,-81.88661631224
756,756.0,614.4574455592555,-98.21597637404791
757,757.0,608.7351481719413,-105.26445054238471
758,758.0,614.4574455592555,-118.03437758372274
759,759.0,612.3069701158378,-65.80620083679878
760,760.0,612.9387255092217,-92.9051471486739
761,761.0,616.6668261371649,-160.09504562469084
762,762.0,614.4574455592555,-118.52489755782122
763,763.0,569.7741148386648,-170.96032522819146
764,764.0,612.9455056128903,-81.67944516102935
765,765.0,610.7772907120853,-97.95602489119887
766,766.0,566.7147560311599,-181.20594392081594
767,767.0,614.4684049129742,-103.15307985570743
768,768.0,614.516636053751,-97.64501245073951
769,769.0,613.145461237448,-192.2984247923477
770,770.0,566.6464568147504,-298.75202171422166
771,771.0,569.7741148386648,-164.42140078262642
772,772.0,614.5275954074697,-91.28063655711449
773,773.0,614.053754893869,-156.5947885512784
774,774.0,614.053754893869,-199.8909322176308
775,775.0,611.9505907491075,-162.11022779142655
776,776.0,616.1044656665863,-145.94780545505245
777,777.0,616.135899861272,-147.91936789442983
778,778.0,614.5275954074697,-134.24713351973548
779,779.0,614.5275954074697,-107.980808992826
780,780.0,614.5275954074697,-107.980808992826
781,781.0,614.516636053751,-107.87782053281614
782,782.0,614.516636053751,-107.67184361279644
783,783.0,614.516636053751,-107.67184361279644
784,784.0,614.5275954074697,-107.77483207280629
785,785.0,614.5275954074697,-107.980808992826
786,786.0,614.516636053751,-107.87782053281614
787,787.0,616.737289722087,-147.9990572281295
788,788.0,614.5275954074697,-128.0929215704876
789,789.0,614.516636053751,-107.87782053281614
790,790.0,614.516636053751,-107.67184361279644
791,791.0,616.7263303683683,-147.89606876811962
792,792.0,614.5275954074697,-127.88694465046788
793,793.0,612.4745896604176,-142.19944320823564
794,794.0,614.5275954074697,-125.09012610053084
795,795.0,614.5275954074697,-107.980808992826
796,796.0,614.5275954074697,-107.980808992826
797,797.0,614.5275954074697,-107.980808992826
798,798.0,614.516636053751,-107.87782053281614
799,799.0,614.5275954074697,-107.77483207280629
800,800.0,616.737289722087,-148.2050341481492
801,801.0,614.5275954074697,-128.0929215704876
802,802.0,616.737289722087,-148.2050341481492
803,803.0,616.737289722087,-168.3171467258108
804,804.0,616.737289722087,-168.3171467258108
805,805.0,614.5275954074697,-128.0929215704876
806,806.0,612.4745896604176,-142.19944320823564
807,807.0,614.5275954074697,-125.09012610053084
808,808.0,614.516636053751,-107.87782053281614
809,809.0,614.516636053751,-107.67184361279644
810,810.0,614.5275954074697,-107.77483207280629
811,811.0,614.475384446066,-108.8167063665081
812,812.0,612.4242808912778,-143.4616297568445
813,813.0,608.1654426388255,-91.14119609149493
814,814.0,612.4242808912778,-125.8924435896972
815,815.0,612.4242808912778,-160.64369108789947
816,816.0,612.4242808912778,-160.64369108789947
817,817.0,612.4242808912778,-160.64369108789947
818,818.0,612.4063420044673,-160.55882008173424
819,819.0,614.475384446066,-126.10982641345907
820,820.0,569.7880739048484,-181.8455487760566
821,821.0,612.417301358186,-116.79013215714882
822,822.0,614.0079062937386,-119.96196435293517
823,823.0,576.2483726559586,-205.19712878421558
824,824.0,579.4581903930311,-172.2488324156468
825,825.0,576.258724359221,-152.70277003746747
826,826.0,586.1018073117785,-168.0185685304276
827,827.0,585.9920932923616,-162.99430865398168
828,828.0,604.3213062914297,-101.16814153451033
829,829.0,602.3616930647447,-100.28222441011441
830,830.0,602.1217897566346,-73.72547632856312
831,831.0,582.5849747272931,-177.92265813873453
832,832.0,582.5624301494078,-171.22751301257168
833,833.0,575.9622388233171,-116.77078256005605
834,834.0,572.742782693732,-148.02599928392408
835,835.0,572.6221189416855,-141.65548960957148
836,836.0,575.9626559538729,-154.97211277847103
837,837.0,575.8878508329659,-136.05759005728405
838,838.0,575.8878508329659,-154.27984469010548
839,839.0,575.8878508329659,-153.58345336024746
840,840.0,575.9622388233171,-153.80595950997704
841,841.0,579.2423434361059,-136.15919423254462
842,842.0,579.2423434361059,-118.51242895511223
843,843.0,579.2423434361059,-100.51078887712987
844,844.0,575.9153836268143,-118.12414610875688
845,845.0,575.9622388233171,-136.12578618673922
846,846.0,572.742782693732,-172.28594062479723
847,847.0,575.9153836268143,-172.28594062479723
848,848.0,572.6221189416855,-153.577743503722
849,849.0,575.9153836268143,-135.03094629729102
850,850.0,575.8878508329659,-135.06435434309643
851,851.0,575.8878508329659,-152.62346475869955
852,852.0,575.8878508329659,-150.53897439137916
853,853.0,579.2423434361059,-129.84301546714474
854,854.0,575.9170513508597,-91.62787963844964
855,855.0,579.2919301987253,-110.8309878953899
856,856.0,575.9408678966206,-128.87108016719154
857,857.0,579.2203971948102,-147.22052198668624
858,858.0,575.8878508329659,-127.09083317400348
859,859.0,575.9408678966206,-127.09083317400348
860,860.0,579.2158117680418,-164.4509557456715
861,861.0,575.9408678966206,-164.57476966826383
862,862.0,575.9408678966206,-164.30997127442063
863,863.0,575.8878508329659,-144.3005383463661
864,864.0,575.8878508329659,-143.91198712213307
865,865.0,575.9408678966206,-143.91198712213307
866,866.0,575.8878508329659,-143.91198712213307
867,867.0,575.9408678966206,-144.3005383463661
868,868.0,575.9408678966206,-144.3005383463661
869,869.0,575.9408678966206,-144.68908957059915
870,870.0,575.8878508329659,-144.3005383463661
871,871.0,575.9408678966206,-108.21517909555091
872,872.0,579.2203971948102,-90.21080383069837
873,873.0,579.2158117680418,-108.87070662259104
874,874.0,579.2158117680418,-161.87788730490402
875,875.0,582.5075712200195,-173.7626768453731
876,876.0,582.5075712200195,-148.8361107255624
877,877.0,586.0663111017866,-149.01149804255854
878,878.0,610.246739578579,-144.58548492375775
879,879.0,582.6871834497892,-233.57903306756097
880,880.0,608.3542910618821,-104.74422148732864
881,881.0,582.6858727545635,-204.295340270075
882,882.0,582.6079526729819,-147.2429553130687
883,883.0,582.6858727545635,-115.60239059228259
884,884.0,582.6858727545635,-105.86017192395362
885,885.0,582.6858727545635,-95.40913326299705
886,886.0,582.6858727545635,-90.81637303364194
887,887.0,579.4581903930311,-104.05583017307724
888,888.0,612.8722635559413,-62.588368574009266
889,889.0,579.4581903930311,-166.36564651607515
890,890.0,576.2566333765946,-141.66345277651146
891,891.0,576.2566333765946,-154.50029414674427
892,892.0,612.509725324601,-163.8882238423559
893,893.0,566.7283162384971,-284.85863044148584
894,894.0,609.383627751758,-168.46375664273396
895,895.0,607.8134830058905,-190.7959197040991
896,896.0,607.7620874169825,-161.65214135270378
897,897.0,607.8069180181315,-162.36278435758774
898,898.0,607.7496297158998,-163.96235730822036
899,899.0,605.5971559334076,-126.91836767386926
900,900.0,607.7496297158998,-145.74721803985489
901,901.0,607.7003200781692,-163.8296744054989
902,902.0,607.7496297158998,-164.20287140566973
903,903.0,605.5971559334076,-126.91836767386926
904,904.0,605.5971559334076,-108.08951730788355
905,905.0,607.7496297158998,-145.74721803985489
906,906.0,607.7003200781692,-163.8296744054989
907,907.0,611.4426615909897,-144.2351449588732
908,908.0,563.722628194696,-249.86068097664102
909,909.0,607.597672684481,-100.49646486189616
910,910.0,609.2251057325801,-72.22825254942805
911,911.0,560.6910994010444,-237.5507148074446
912,912.0,610.0140339866733,-230.80248682091275
913,913.0,606.0411658525279,-89.82758267815888
914,914.0,606.2087853971077,-75.37740403426787
915,915.0,606.151497094876,-108.84565641316502
916,916.0,560.7351849344398,-242.44058356975515
917,917.0,608.5052598807486,-218.65807813422546
918,918.0,606.3043154583738,-209.7210301016213
919,919.0,608.5052598807486,-234.5724041463411
920,920.0,608.4791378229736,-258.9564475040479
921,921.0,610.1349460605237,-276.5337107925643
922,922.0,560.7351849344398,-379.11356352451975
923,923.0,610.0980816370957,-278.48505062815457
924,924.0,607.9232592724961,-261.03461196508823
925,925.0,607.8978364060736,-236.23357268344265
926,926.0,610.1242036948709,-286.0279860630984
927,927.0,611.4252599207603,-212.6081052106888
928,928.0,609.5587610541243,-216.53809773711444
929,929.0,607.7875051637252,-223.73809311456284
930,930.0,606.268437683709,-185.92904808243668
931,931.0,610.155675689088,-249.94858609771606
932,932.0,607.9085787717264,-260.56711948873516
933,933.0,609.2898112286939,-154.39712316496247
934,934.0,557.4972973061954,-197.83528264053015
935,935.0,613.6454535992527,-171.095023584976
936,936.0,607.8592691339957,-209.03345462180067
937,937.0,560.7351849344398,-328.50056457537374
938,938.0,612.169062904424,-235.2401591638033
939,939.0,611.4252599207603,-190.98547888452555
940,940.0,563.709451055403,-236.54999824585198
941,941.0,613.6454535992527,-176.13660845803844
942,942.0,563.709451055403,-276.18413970203216
943,943.0,563.709451055403,-226.6044004585996
944,944.0,611.4952635158388,-135.7344396003374
945,945.0,613.6583284526309,-178.64124022186297
946,946.0,563.709451055403,-274.0762206509941
947,947.0,560.7566696657456,-256.20248023156313
948,948.0,563.709451055403,-256.2024802315632
949,949.0,563.709451055403,-256.2024802315632
950,950.0,563.709451055403,-226.6044004585996
951,951.0,611.4360730213432,-136.64506073383947
952,952.0,609.9596823265146,-156.46443075794116
953,953.0,560.7566696657456,-295.8412202797665
954,954.0,557.4972973061954,-280.71144388747047
955,955.0,613.5941688510477,-184.917183727081
956,956.0,611.4360730213432,-160.94649048336737
957,957.0,611.4360730213432,-141.6653908714594
958,958.0,563.709451055403,-236.64506073383947
959,959.0,612.169062904424,-190.98317958851393
960,960.0,613.5941688510477,-229.59520935233527
961,961.0,609.4422577687867,-193.60823504460885
962,962.0,612.169062904424,-212.33438200675462
963,963.0,560.7566696657456,-335.3802992479593
964,964.0,563.709451055403,-285.8005600045267
965,965.0,611.4310259481882,-151.30601037765615
966,966.0,563.709451055403,-236.36888024850927
967,967.0,611.4360730213432,-136.50697049117437
968,968.0,560.7566696657456,-266.243140506803
969,969.0,607.9085787717264,-214.75080938687006
970,970.0,563.709451055403,-299.9517695003883
971,971.0,563.709451055403,-256.2024802315632
972,972.0,563.709451055403,-226.6044004585996
973,973.0,563.709451055403,-226.6044004585996
974,974.0,611.4952635158388,-135.7344396003374
975,975.0,613.5941688510477,-179.7722795285243
976,976.0,611.4952635158388,-160.03586934986527
977,977.0,613.7049578304561,-179.6157880940998
978,978.0,563.709451055403,-275.05076852323094
979,979.0,563.709451055403,-226.6044004585996
980,980.0,613.7049578304561,-175.05076852323094
981,981.0,613.5941688510477,-199.43044398997108
982,982.0,563.709451055403,-275.2072599576554
983,983.0,560.7566696657456,-256.20248023156313
984,984.0,611.4360730213432,-166.243140506803
985,985.0,610.539376724649,-178.659911781124
986,986.0,609.384969466555,-190.05444323208485
987,987.0,563.709451055403,-270.3536897274248
988,988.0,563.709451055403,-226.6044004585996
989,989.0,613.6454535992527,-176.18413970203216
990,990.0,611.4952635158388,-160.52430922205366
991,991.0,609.384969466555,-174.91870929829366
992,992.0,607.9085787717264,-207.02737424831912
993,993.0,607.3759786162241,-262.5392191533715
994,994.0,563.709451055403,-311.06649474599544
995,995.0,609.9596823265146,-151.44410062032125
996,996.0,563.709451055403,-266.243140506803
997,997.0,613.6454535992527,-190.98317958851396
998,998.0,563.709451055403,-276.18413970203216
999,999.0,611.5852146975774,-219.96333490373578
1000,1000.0,609.4422577687867,-215.98627251764904
1001,1001.0,609.4422577687867,-190.6580077133216
1002,1002.0,609.4422577687867,-190.6580077133216
1003,1003.0,609.384969466555,-191.70489214566547
1004,1004.0,609.4422577687867,-191.18144992949354
1005,1005.0,611.4952635158388,-157.08564201857803
1006,1006.0,563.709451055403,-235.73443960033737
1007,1007.0,609.4422577687867,-169.30680529508095
1008,1008.0,613.6454535992527,-197.53534212027284
1009,1009.0,613.6454535992527,-200.97400932374845
1010,1010.0,611.4952635158388,-160.52430922205366
1011,1011.0,611.4952635158388,-140.29945917120625
1012,1012.0,611.4952635158388,-140.29945917120625
1013,1013.0,563.709451055403,-235.73443960033737
1014,1014.0,607.3759786162241,-211.0664947459954
1015,1015.0,613.7049578304561,-217.28181566692885
1016,1016.0,607.3869176341802,-232.82976103886222
1017,1017.0,609.9596823265146,-192.4451888942947
1018,1018.0,560.7137831687288,-296.0807060277461
1019,1019.0,611.5852146975774,-264.59994031116065
1020,1020.0,609.4422577687867,-215.98627251764904
1021,1021.0,611.4360730213432,-157.99626315208013
1022,1022.0,613.6454535992527,-181.2044698396521
1023,1023.0,610.5988809558523,-197.2960800864191
1024,1024.0,610.539376724649,-192.77364955876354
1025,1025.0,563.709451055403,-271.095023584976
1026,1026.0,563.709451055403,-221.51528434154343
