,t,p_p_X,p_p_Y,p_p_Aplha
0,5.837244510650635,7.62711864407696,7.627118722676997,0.019992002053873928
1,6.229151964187622,4.128440367408464,4.128441024118306,0.009997998764025462
2,6.436457395553589,2.8301886800544063,2.830190074429124,0.0066657756609081594
3,6.64387321472168,2.153110054798706,2.153112208797295,0.004999497209543677
4,6.847792863845825,1.7374517544656936,1.7374546983193577,0.003999676567637717
5,7.0551652908325195,1.456310710091087,1.4563144480726773,0.003333107045972895
6,7.276422500610352,1.2534819399217862,1.2534864751519854,0.002856974897202115
7,7.502478122711182,1.1002445597513384,1.1002498969574923,0.002499869677180495
8,7.708126783370972,0.9803922321950151,0.9803983760754615,0.0022221175063802784
9,7.914938449859619,0.8840865416455554,0.8840934767552248,0.0019999134227060853
10,8.123126983642578,0.8050090651845433,0.8050167919656311,0.0018181084986529199
11,8.320829629898071,0.7389163960583605,0.7389249240234631,0.0016666032807950448
