,t,p_p_X,p_p_Y
0,6.160000000000392,1.6666666666666667,1.6666666666666667
1,6.492000000000503,0.9090909090909091,0.9090909090909091
2,6.6680000000005615,0.625,0.625
3,6.845000000000621,0.47619047619047616,0.47619047619047616
4,7.012000000000676,0.3846153846153846,0.3846153846153846
5,7.169000000000729,0.3225806451612903,0.3225806451612903
6,7.331000000000783,0.2777777777777778,0.2777777777777778
7,7.499000000000839,0.24390243902439027,0.24390243902439027
8,7.667000000000895,0.2173913043478261,0.2173913043478261
