,t,x,y,alpha
0,5.837244510650635,662.0952933008749,17.472547506836676,1.5427630968935138
1,6.229151964187622,614.8860948812317,15.391290597776827,1.5477637375563442
2,6.436457395553589,566.8496129438945,-73.59386492008498,1.7173523620948723
3,6.64387321472168,546.2912053574879,-57.43070768877235,1.6768955156474123
4,6.847792863845825,521.1433597823252,-65.99955324748544,1.6899455073247172
5,7.0551652908325195,495.71947915354815,-70.80595004067796,1.696225491629774
6,7.276422500610352,467.3742007592452,-72.2779959228884,1.6960413832057208
7,7.502478122711182,438.92047457677967,-72.67876700617292,1.6938415804530857
8,7.708126783370972,410.2979708608356,-83.15340320005186,1.7194871591459695
9,7.914938449859619,383.3474847376654,-85.25501588722621,1.7220528172588474
10,8.123126983642578,356.71284257670743,-83.14032902541757,1.7124790492926787
11,8.320829629898071,330.15059816991464,-84.48680030415944,1.7155603819070395
