,t,x,y
0,6.160000000000392,654.2227259076512,42.708333333333286
1,6.492000000000503,615.5295945898184,28.409090909090892
2,6.6680000000005615,588.9621103694114,58.13965723403045
3,6.845000000000621,573.0272560142389,46.97545313068988
4,7.012000000000676,555.4600722094322,40.73308028514162
5,7.169000000000729,540.1152321595357,36.4198618409522
6,7.331000000000783,523.011013621863,32.9240476963755
7,7.499000000000839,506.8178567618436,30.60401846555657
8,7.667000000000895,490.1616825641551,28.60948911271498
